69 0.06640625 0.12265625 0.065625 0.0765625
63 0.20859375 0.1328125 0.0734375 0.059375
70 0.3484375 0.125 0.078125 0.0734375
66 0.4875 0.12890625 0.0734375 0.0546875
106 0.6390625 0.12890625 0.0828125 0.0671875
123 0.78046875 0.12265625 0.0734375 0.0796875
12 0.92265625 0.12109375 0.06875 0.0859375
27 0.06328125 0.36640625 0.0671875 0.06875
22 0.20859375 0.36484375 0.0734375 0.0703125
22 0.34609375 0.36015625 0.0796875 0.0609375
17 0.5015625 0.3625 0.0796875 0.084375
48 0.63515625 0.37421875 0.075 0.0765625
53 0.775 0.37265625 0.08125 0.06875
67 0.91875 0.36640625 0.0703125 0.0859375
140 0.06328125 0.6046875 0.059375 0.090625
8 0.2015625 0.60546875 0.0609375 0.0796875
14 0.35546875 0.6 0.0796875 0.065625
14 0.4890625 0.60078125 0.0609375 0.0578125
157 0.6328125 0.60390625 0.06875 0.1046875
77 0.7734375 0.60078125 0.0703125 0.1078125
102 0.91875 0.5984375 0.0609375 0.0984375
126 0.06015625 0.84453125 0.0734375 0.096875
54 0.20390625 0.8359375 0.071875 0.1125
106 0.34609375 0.84765625 0.0625 0.0640625
1 0.50078125 0.846875 0.0828125 0.0765625
4 0.6328125 0.83828125 0.078125 0.084375
64 0.7796875 0.83984375 0.06875 0.1296875
15 0.92421875 0.8421875 0.0703125 0.1390625