69 0.12265625 0.06640625 0.0765625 0.065625
63 0.1328125 0.20859375 0.059375 0.071875
70 0.125 0.3484375 0.071875 0.078125
66 0.12890625 0.4875 0.0546875 0.071875
106 0.12890625 0.6390625 0.065625 0.084375
123 0.12265625 0.78046875 0.0796875 0.0734375
12 0.12109375 0.92265625 0.0859375 0.06875
27 0.36640625 0.06328125 0.06875 0.065625
22 0.36484375 0.20859375 0.071875 0.071875
22 0.36015625 0.34609375 0.0609375 0.0796875
17 0.3625 0.5015625 0.084375 0.0796875
48 0.37421875 0.63515625 0.0765625 0.075
53 0.37265625 0.775 0.06875 0.08125
67 0.36640625 0.91875 0.0859375 0.0703125
140 0.6046875 0.06328125 0.090625 0.059375
8 0.60546875 0.2015625 0.0796875 0.0609375
14 0.6 0.35546875 0.065625 0.0796875
14 0.60078125 0.4890625 0.0578125 0.0609375
157 0.60390625 0.6328125 0.1046875 0.06875
77 0.60078125 0.7734375 0.1078125 0.0703125
102 0.5984375 0.91875 0.096875 0.0609375
126 0.84453125 0.06015625 0.096875 0.071875
54 0.8359375 0.20390625 0.1125 0.071875
106 0.84765625 0.34609375 0.0625 0.0625
1 0.846875 0.50078125 0.0765625 0.08125
4 0.83828125 0.6328125 0.084375 0.078125
64 0.83984375 0.7796875 0.128125 0.06875
15 0.8421875 0.92421875 0.1390625 0.0703125