69 0.87734375 0.06640625 0.0765625 0.065625
63 0.8671875 0.20859375 0.059375 0.0734375
70 0.875 0.3484375 0.0734375 0.078125
66 0.87109375 0.4875 0.0546875 0.0734375
106 0.87109375 0.6390625 0.0671875 0.0828125
123 0.87734375 0.78046875 0.0796875 0.0734375
12 0.87890625 0.92265625 0.0859375 0.06875
27 0.63359375 0.06328125 0.06875 0.0671875
22 0.63515625 0.20859375 0.0703125 0.0734375
22 0.63984375 0.34609375 0.0609375 0.0796875
17 0.6375 0.5015625 0.084375 0.0796875
48 0.62578125 0.63515625 0.0765625 0.075
53 0.62734375 0.775 0.06875 0.08125
67 0.63359375 0.91875 0.0859375 0.0703125
140 0.3953125 0.06328125 0.090625 0.059375
8 0.39453125 0.2015625 0.0796875 0.0609375
14 0.4 0.35546875 0.065625 0.0796875
14 0.39921875 0.4890625 0.0578125 0.0609375
157 0.39609375 0.6328125 0.1046875 0.06875
77 0.39921875 0.7734375 0.1078125 0.0703125
102 0.4015625 0.91875 0.0984375 0.0609375
126 0.15546875 0.06015625 0.096875 0.0734375
54 0.1640625 0.20390625 0.1125 0.071875
106 0.15234375 0.34609375 0.0640625 0.0625
1 0.153125 0.50078125 0.0765625 0.0828125
4 0.16171875 0.6328125 0.084375 0.078125
64 0.16015625 0.7796875 0.1296875 0.06875
15 0.1578125 0.92421875 0.1390625 0.0703125