63 0.73671875 0.91953125 0.05 0.0453125
66 0.89921875 0.33125 0.0375 0.05625
70 0.909375 0.1984375 0.065625 0.059375
69 0.74140625 0.84140625 0.0515625 0.04375
123 0.7484375 0.7609375 0.0671875 0.0515625
102 0.7515625 0.68046875 0.0734375 0.04375
77 0.7515625 0.596875 0.0734375 0.05
146 0.75 0.50703125 0.071875 0.059375
13 0.74375 0.421875 0.0671875 0.040625
134 0.74765625 0.32109375 0.0734375 0.0625
12 0.74765625 0.23203125 0.0734375 0.071875
66 0.58828125 0.92109375 0.04375 0.046875
70 0.5921875 0.840625 0.05625 0.0515625
124 0.59453125 0.75390625 0.065625 0.04375
103 0.60234375 0.67421875 0.075 0.040625
78 0.60078125 0.59140625 0.0765625 0.05
15 0.58671875 0.51796875 0.0765625 0.0296875
15 0.5890625 0.471875 0.0765625 0.0515625
81 0.58671875 0.40625 0.075 0.0609375
156 0.60078125 0.31953125 0.075 0.078125
82 0.60234375 0.2375 0.0921875 0.05
153 0.6046875 0.19140625 0.09375 0.046875
116 0.4609375 0.49453125 0.0875 0.05
54 0.459375 0.4125 0.065625 0.059375
147 0.44375 0.3453125 0.059375 0.065625
106 0.440625 0.27578125 0.0515625 0.04375
115 0.43984375 0.2 0.046875 0.05625
43 0.70625 0.09375 0.065625 0.065625
46 0.61640625 0.09765625 0.0625 0.05
48 0.45703125 0.09296875 0.0359375 0.05625
163 0.3640625 0.096875 0.046875 0.05625
172 0.26796875 0.090625 0.04375 0.040625
155 0.1734375 0.09375 0.046875 0.059375
158 0.28828125 0.23125 0.05 0.0453125
22 0.284375 0.31015625 0.0375 0.0515625
141 0.1390625 0.309375 0.05625 0.059375
64 0.13984375 0.25625 0.05625 0.034375
110 0.146875 0.2 0.0609375 0.04375
138 0.140625 0.42109375 0.053125 0.075
137 0.1421875 0.53359375 0.046875 0.0546875
122 0.28828125 0.39921875 0.06875 0.046875
17 0.2734375 0.48125 0.040625 0.05
17 0.27578125 0.559375 0.040625 0.046875
6 0.44765625 0.59453125 0.053125 0.0515625
99 0.446875 0.67578125 0.103125 0.0734375
120 0.4390625 0.75625 0.084375 0.053125
67 0.434375 0.83359375 0.0671875 0.040625
8 0.43203125 0.915625 0.053125 0.05
14 0.278125 0.91171875 0.040625 0.0421875
76 0.2984375 0.8265625 0.078125 0.0453125
118 0.278125 0.728125 0.040625 0.04375
104 0.2953125 0.6390625 0.084375 0.0375
34 0.1328125 0.9234375 0.046875 0.06875
34 0.1265625 0.85625 0.040625 0.0515625
101 0.146875 0.7734375 0.090625 0.0359375
113 0.1359375 0.71328125 0.06875 0.04375
112 0.13359375 0.63671875 0.065625 0.05