63 0.734375 0.92109375 0.0390625 0.04375
69 0.740625 0.8421875 0.0546875 0.0484375
123 0.74453125 0.76171875 0.059375 0.059375
102 0.75234375 0.67890625 0.0828125 0.046875
77 0.7484375 0.59609375 0.0671875 0.04375
146 0.74921875 0.51015625 0.075 0.0453125
13 0.74296875 0.421875 0.0625 0.0484375
134 0.74453125 0.3265625 0.0671875 0.0671875
12 0.740625 0.2296875 0.075 0.0796875
66 0.89765625 0.328125 0.040625 0.0546875
66 0.58671875 0.9203125 0.04375 0.0390625
70 0.5890625 0.83984375 0.0453125 0.0421875
70 0.903125 0.1984375 0.05625 0.0640625
124 0.59296875 0.75390625 0.053125 0.0421875
103 0.6015625 0.67421875 0.075 0.0484375
78 0.60078125 0.590625 0.0765625 0.0390625
43 0.7046875 0.0953125 0.0609375 0.053125
46 0.6125 0.09375 0.059375 0.046875
8 0.43125 0.915625 0.0515625 0.040625
67 0.43828125 0.83671875 0.0625 0.053125
120 0.43984375 0.75546875 0.0796875 0.05
99 0.45234375 0.67734375 0.078125 0.046875
6 0.43671875 0.59296875 0.05625 0.0578125
15 0.5890625 0.51640625 0.046875 0.025
15 0.584375 0.4734375 0.065625 0.0515625
81 0.58515625 0.40859375 0.0765625 0.0578125
156 0.596875 0.31796875 0.0765625 0.08125
82 0.603125 0.23828125 0.084375 0.053125
153 0.60390625 0.190625 0.090625 0.046875
116 0.45703125 0.49296875 0.0796875 0.0578125
54 0.4578125 0.4109375 0.078125 0.0578125
147 0.4453125 0.34375 0.0578125 0.0484375
106 0.4390625 0.2734375 0.0453125 0.0421875
115 0.4375 0.1984375 0.046875 0.046875
14 0.2796875 0.9140625 0.04375 0.0421875
76 0.29609375 0.8265625 0.0828125 0.040625
118 0.27890625 0.72421875 0.0421875 0.046875
104 0.29609375 0.6390625 0.078125 0.0390625
17 0.27421875 0.5546875 0.0375 0.040625
17 0.27578125 0.4796875 0.040625 0.053125
122 0.28984375 0.39921875 0.0703125 0.0578125
22 0.28515625 0.3125 0.040625 0.0484375
158 0.28671875 0.22578125 0.0515625 0.0546875
34 0.121875 0.915625 0.0390625 0.0421875
34 0.12421875 0.85859375 0.025 0.0375
101 0.14609375 0.7734375 0.0859375 0.040625
113 0.13515625 0.7109375 0.071875 0.04375
112 0.13125 0.63359375 0.065625 0.0484375
137 0.13828125 0.53515625 0.0484375 0.075
138 0.14140625 0.425 0.05 0.065625
141 0.13359375 0.3140625 0.053125 0.0484375
64 0.14296875 0.25390625 0.065625 0.0328125
110 0.1453125 0.2 0.0484375 0.0390625
155 0.171875 0.0953125 0.0375 0.0625
172 0.26484375 0.0921875 0.0390625 0.0515625
163 0.36171875 0.09453125 0.040625 0.04375
48 0.45390625 0.090625 0.0390625 0.0546875