48 0.290625 0.359375 0.065625 0.0234375
48 0.28984375 0.3984375 0.0625 0.0265625
48 0.28515625 0.47578125 0.0625 0.0296875
48 0.290625 0.5203125 0.08125 0.025
48 0.840625 0.59921875 0.065625 0.028125
66 0.93671875 0.2046875 0.053125 0.046875
48 0.8953125 0.2875 0.065625 0.04375
66 0.9796875 0.7421875 0.040625 0.04375
66 0.2609375 0.67109375 0.025 0.04375
63 0.26171875 0.56015625 0.0453125 0.034375
63 0.2546875 0.7828125 0.046875 0.0328125
63 0.803125 0.090625 0.034375 0.0328125
63 0.80078125 0.3203125 0.0390625 0.034375
63 0.7875 0.8234375 0.046875 0.046875
123 0.78671875 0.7328125 0.05 0.034375
123 0.80390625 0.20703125 0.046875 0.0375
106 0.78046875 0.63359375 0.05625 0.05
8 0.0296875 0.39921875 0.046875 0.0359375