48 0.640625 0.709375 0.0234375 0.0671875
48 0.6015625 0.71015625 0.0265625 0.0625
48 0.52421875 0.71484375 0.0296875 0.0625
48 0.4796875 0.709375 0.0234375 0.08125
48 0.40078125 0.159375 0.028125 0.0671875
66 0.7953125 0.06328125 0.046875 0.0546875
48 0.7125 0.1046875 0.04375 0.0671875
66 0.2578125 0.0203125 0.04375 0.040625
66 0.32890625 0.7390625 0.04375 0.0265625
63 0.43984375 0.73828125 0.0359375 0.0453125
63 0.2171875 0.7453125 0.0328125 0.0484375
63 0.909375 0.196875 0.0328125 0.034375
63 0.6796875 0.19921875 0.034375 0.0390625
63 0.1765625 0.2125 0.046875 0.0484375
123 0.2671875 0.21328125 0.0359375 0.05
123 0.79296875 0.19609375 0.0375 0.046875
106 0.36640625 0.21953125 0.05 0.05625
8 0.60078125 0.9703125 0.0359375 0.0484375