63 0.07265625 0.20859375 0.1046875 0.078125
14 0.2140625 0.2078125 0.1078125 0.0796875
17 0.359375 0.20703125 0.10625 0.084375
118 0.5015625 0.2109375 0.1 0.0921875
106 0.9265625 0.203125 0.0921875 0.0953125
66 0.9234375 0.35703125 0.096875 0.0875
118 0.5015625 0.3609375 0.1125 0.0859375
1 0.075 0.35 0.1015625 0.1
0 0.21953125 0.3484375 0.0796875 0.09375
3 0.21640625 0.5109375 0.1234375 0.1171875
4 0.07421875 0.5140625 0.1078125 0.1140625
106 0.92734375 0.51875 0.1171875 0.0828125
8 0.19765625 0.67421875 0.084375 0.0875
69 0.07421875 0.88203125 0.096875 0.0953125
123 0.21796875 0.87421875 0.115625 0.10625
54 0.3578125 0.8625 0.1140625 0.1234375