63 0.59765625 0.20078125 0.0375 0.0265625
69 0.59765625 0.25546875 0.0546875 0.034375
66 0.60078125 0.315625 0.04375 0.03125
123 0.59921875 0.36875 0.0515625 0.040625
12 0.60078125 0.425 0.05 0.0328125
106 0.64375 0.4859375 0.046875 0.03125
106 0.5421875 0.4875 0.040625 0.0328125
17 0.6015625 0.54453125 0.05 0.0328125
14 0.5984375 0.603125 0.04375 0.0296875
14 0.59765625 0.65859375 0.0390625 0.0328125
27 0.6015625 0.715625 0.046875 0.03125
48 0.59765625 0.79296875 0.0453125 0.0484375
15 0.59921875 0.8796875 0.0390625 0.0625
141 0.13046875 0.8796875 0.078125 0.059375
110 0.12578125 0.815625 0.0578125 0.04375
64 0.12890625 0.75234375 0.04375 0.059375
4 0.12890625 0.69609375 0.0296875 0.04375
1 0.1859375 0.6390625 0.0375 0.04375
1 0.08046875 0.63984375 0.0421875 0.0359375
54 0.12890625 0.5796875 0.046875 0.0515625
102 0.12890625 0.515625 0.04375 0.0578125
77 0.12578125 0.4515625 0.0421875 0.0453125
157 0.13046875 0.38203125 0.040625 0.0578125
126 0.12734375 0.3171875 0.0515625 0.0484375
7 0.17265625 0.26015625 0.0453125 0.0484375
7 0.0828125 0.25546875 0.0390625 0.0328125
22 0.178125 0.2 0.0515625 0.0296875
22 0.0734375 0.19765625 0.05 0.0375