63 0.20078125 0.59765625 0.025 0.0375
69 0.25546875 0.59765625 0.034375 0.0546875
66 0.315625 0.60078125 0.03125 0.04375
123 0.36875 0.59921875 0.040625 0.05
12 0.425 0.60078125 0.0328125 0.05
106 0.4859375 0.64375 0.03125 0.046875
106 0.4875 0.5421875 0.0328125 0.040625
17 0.54453125 0.6015625 0.0328125 0.05
14 0.603125 0.5984375 0.0296875 0.04375
14 0.65859375 0.59765625 0.03125 0.0375
27 0.715625 0.6015625 0.03125 0.046875
48 0.79296875 0.59765625 0.046875 0.0453125
15 0.8796875 0.59921875 0.0625 0.0375
141 0.8796875 0.13046875 0.059375 0.078125
110 0.815625 0.12578125 0.04375 0.05625
64 0.75234375 0.12890625 0.059375 0.04375
4 0.69609375 0.12890625 0.04375 0.0296875
1 0.6390625 0.1859375 0.04375 0.0375
1 0.63984375 0.08046875 0.0359375 0.0421875
54 0.5796875 0.12890625 0.05 0.046875
102 0.515625 0.12890625 0.0578125 0.04375
77 0.4515625 0.12578125 0.0453125 0.0421875
157 0.38203125 0.13046875 0.0578125 0.040625
126 0.3171875 0.12734375 0.0484375 0.0515625
7 0.26015625 0.17265625 0.0484375 0.04375
7 0.25546875 0.0828125 0.0328125 0.0390625
22 0.2 0.178125 0.03125 0.05
22 0.19765625 0.0734375 0.0375 0.05