7 0.81875 0.03671875 0.0375 0.01875
14 0.421875 0.01640625 0.034375 0.0109375
0 0.421875 0.05546875 0.046875 0.0234375
14 0.378125 0.11796875 0.04375 0.01875
14 0.2703125 0.11875 0.0453125 0.015625
22 0.08046875 0.2140625 0.040625 0.03125
22 0.378125 0.2171875 0.03125 0.03125
123 0.090625 0.2890625 0.05625 0.03125
69 0.20546875 0.290625 0.046875 0.025
123 0.3875 0.2890625 0.059375 0.0234375
69 0.51015625 0.3515625 0.05 0.0234375
14 0.82734375 0.38515625 0.03125 0.025
14 0.72890625 0.42578125 0.046875 0.0140625
14 0.7421875 0.46953125 0.0328125 0.025
14 0.2015625 0.41015625 0.0375 0.028125
126 0.21953125 0.36640625 0.078125 0.025
22 0.0546875 0.36328125 0.034375 0.025
63 0.3234375 0.4203125 0.040625 0.025
14 0.2859375 0.5109375 0.0390625 0.028125
63 0.11796875 0.5359375 0.046875 0.01875
22 0.53125 0.565625 0.0375 0.03125
63 0.734375 0.6265625 0.0265625 0.028125
21 0.49765625 0.6265625 0.0875 0.046875
21 0.35859375 0.62421875 0.090625 0.04375
22 0.35703125 0.67421875 0.040625 0.0296875
63 0.3234375 0.84296875 0.040625 0.03125