22 0.725 0.8265625 0.03125 0.034375
14 0.725 0.93671875 0.05 0.0296875
14 0.6078125 0.93828125 0.05 0.015625
22 0.40234375 0.82578125 0.04375 0.0375
22 0.37421875 0.6609375 0.04375 0.03125
22 0.31171875 0.57734375 0.0390625 0.0265625
22 0.0515625 0.5015625 0.04375 0.0375
22 0.703125 0.3140625 0.028125 0.0265625
22 0.8875 0.4375 0.04375 0.040625
123 0.73125 0.74375 0.075 0.028125
123 0.415625 0.74375 0.065625 0.03125
126 0.17265625 0.98203125 0.0859375 0.0328125
126 0.0703125 0.9796875 0.078125 0.025
14 0.08046875 0.72109375 0.04375 0.0375
134 0.096875 0.63828125 0.0875 0.034375
126 0.54765625 0.6609375 0.0875 0.040625
14 0.53671875 0.6125 0.04375 0.0296875
63 0.66875 0.59765625 0.04375 0.028125
69 0.871875 0.67578125 0.059375 0.0328125
14 0.62265625 0.5015625 0.046875 0.0359375
63 0.4453125 0.46953125 0.059375 0.021875
63 0.303125 0.18125 0.0375 0.028125
63 0.66484375 0.12890625 0.034375 0.0328125
21 0.8515625 0.36796875 0.09375 0.0609375
21 0.70625 0.375 0.09375 0.0625
21 0.30390625 0.51328125 0.084375 0.053125
21 0.371875 0.703125 0.096875 0.05
21 0.6859375 0.71015625 0.096875 0.046875