69 0.13046875 0.10625 0.025 0.015625
113 0.15390625 0.12421875 0.0296875 0.0109375
63 0.14375 0.17734375 0.0171875 0.015625
63 0.1453125 0.25 0.0140625 0.0109375
14 0.15078125 0.30703125 0.0203125 0.0171875
14 0.196875 0.33203125 0.021875 0.009375
14 0.1921875 0.35390625 0.0171875 0.015625
106 0.36875 0.07890625 0.028125 0.009375
3 0.32265625 0.1109375 0.0234375 0.0125
3 0.3234375 0.13203125 0.01875 0.009375
14 0.3390625 0.165625 0.0265625 0.0109375
14 0.3859375 0.1671875 0.021875 0.009375
126 0.55234375 0.146875 0.0359375 0.0140625
126 0.5890625 0.14609375 0.03125 0.0109375
14 0.684375 0.11015625 0.01875 0.015625
14 0.7828125 0.109375 0.0125 0.0140625
126 0.7953125 0.21875 0.034375 0.0125
126 0.7578125 0.2171875 0.03125 0.0140625
126 0.68359375 0.21796875 0.034375 0.0140625
126 0.65078125 0.21875 0.028125 0.0140625
14 0.58828125 0.2703125 0.0203125 0.015625
134 0.5796875 0.30859375 0.034375 0.015625
113 0.78828125 0.3265625 0.0296875 0.0109375
113 0.69453125 0.32578125 0.028125 0.009375
123 0.7609375 0.346875 0.028125 0.0109375
123 0.66875 0.34609375 0.021875 0.0125
126 0.653125 0.434375 0.028125 0.0109375
22 0.59609375 0.37421875 0.0171875 0.01875
22 0.46171875 0.21953125 0.015625 0.0109375
123 0.45859375 0.259375 0.0234375 0.0125
69 0.4125 0.25859375 0.0234375 0.0140625
22 0.4765625 0.29921875 0.0234375 0.0140625
22 0.4984375 0.3375 0.0203125 0.0171875
63 0.44609375 0.38984375 0.0265625 0.009375
126 0.4078125 0.2984375 0.0328125 0.0140625
22 0.340625 0.2203125 0.0140625 0.015625
123 0.33515625 0.25703125 0.0265625 0.015625
69 0.2859375 0.29140625 0.0203125 0.015625
63 0.36328125 0.32890625 0.0125 0.0140625
14 0.41484375 0.32265625 0.0125 0.0125
14 0.3828125 0.378125 0.0125 0.021875
21 0.49765625 0.37109375 0.04375 0.025
21 0.353125 0.2765625 0.040625 0.021875
21 0.4796875 0.278125 0.05 0.021875
21 0.59765625 0.3453125 0.046875 0.025
21 0.34609375 0.4390625 0.040625 0.0203125
21 0.290625 0.43828125 0.04375 0.021875
63 0.19609375 0.4390625 0.0171875 0.0171875
22 0.1484375 0.5328125 0.0265625 0.0125
22 0.3484375 0.46328125 0.01875 0.0203125
63 0.36484375 0.553125 0.01875 0.0171875
63 0.50078125 0.525 0.01875 0.0140625