69 0.89375 0.13046875 0.015625 0.025
113 0.87578125 0.15390625 0.0109375 0.0296875
63 0.82265625 0.14375 0.015625 0.0171875
63 0.75 0.1453125 0.0109375 0.0125
14 0.69296875 0.15078125 0.0171875 0.0203125
14 0.66796875 0.196875 0.009375 0.021875
14 0.64609375 0.1921875 0.015625 0.015625
106 0.92109375 0.36875 0.009375 0.028125
3 0.8890625 0.32265625 0.0125 0.0234375
3 0.86796875 0.3234375 0.009375 0.01875
14 0.834375 0.3390625 0.0109375 0.025
14 0.8328125 0.3859375 0.009375 0.021875
126 0.853125 0.55234375 0.0125 0.0359375
126 0.85390625 0.5890625 0.0109375 0.03125
14 0.88984375 0.684375 0.015625 0.01875
14 0.890625 0.7828125 0.0125 0.0125
126 0.78125 0.7953125 0.0125 0.034375
126 0.7828125 0.7578125 0.0140625 0.03125
126 0.78203125 0.68359375 0.0125 0.034375
126 0.78125 0.65078125 0.0125 0.028125
14 0.7296875 0.58828125 0.015625 0.01875
134 0.69140625 0.5796875 0.015625 0.034375
113 0.6734375 0.78828125 0.0109375 0.0296875
113 0.67421875 0.69453125 0.009375 0.028125
123 0.653125 0.7609375 0.0109375 0.028125
123 0.65390625 0.66875 0.0125 0.021875
126 0.565625 0.653125 0.009375 0.028125
22 0.62578125 0.59609375 0.01875 0.0171875
22 0.78046875 0.46171875 0.0109375 0.015625
123 0.740625 0.45859375 0.0125 0.021875
69 0.74140625 0.4125 0.0125 0.021875
22 0.70078125 0.4765625 0.0140625 0.021875
22 0.6625 0.4984375 0.0171875 0.0203125
63 0.61015625 0.44609375 0.009375 0.0265625
126 0.7015625 0.4078125 0.0140625 0.0328125
22 0.7796875 0.340625 0.015625 0.0140625
123 0.74296875 0.33515625 0.015625 0.025
69 0.70859375 0.2859375 0.015625 0.0203125
63 0.67109375 0.36328125 0.0140625 0.0125
14 0.67734375 0.41484375 0.0125 0.0125
14 0.621875 0.3828125 0.021875 0.0125
21 0.62890625 0.49765625 0.025 0.04375
21 0.7234375 0.353125 0.021875 0.040625
21 0.721875 0.4796875 0.021875 0.05
21 0.6546875 0.59765625 0.025 0.046875
21 0.5609375 0.34609375 0.01875 0.040625
21 0.56171875 0.290625 0.021875 0.04375
63 0.5609375 0.19609375 0.015625 0.0171875
22 0.4671875 0.1484375 0.0125 0.0265625
22 0.53671875 0.3484375 0.0203125 0.01875
63 0.446875 0.36484375 0.015625 0.01875
63 0.475 0.50078125 0.0140625 0.01875