118 0.48515625 0.05859375 0.065625 0.0265625
110 0.54375 0.1203125 0.0625 0.028125
123 0.5484375 0.165625 0.0359375 0.028125
123 0.690625 0.284375 0.0375 0.03125
123 0.865625 0.29375 0.0328125 0.0328125
66 0.8828125 0.39921875 0.034375 0.040625
21 0.8765625 0.34296875 0.0625 0.04375
14 0.58046875 0.50859375 0.0375 0.0375
14 0.534375 0.509375 0.05 0.0390625
14 0.48203125 0.50703125 0.05 0.034375
123 0.42421875 0.53125 0.034375 0.0375
21 0.12578125 0.425 0.053125 0.0375
17 0.190625 0.465625 0.06875 0.0234375
17 0.1890625 0.5203125 0.078125 0.025
123 0.24296875 0.64453125 0.053125 0.040625
123 0.39375 0.78671875 0.065625 0.05
21 0.40390625 0.66796875 0.0453125 0.0484375
123 0.715625 0.6046875 0.0375 0.0375
21 0.95 0.69375 0.046875 0.0296875