118 0.94140625 0.51484375 0.0265625 0.065625
110 0.8796875 0.45625 0.028125 0.0625
123 0.834375 0.4515625 0.028125 0.0359375
123 0.715625 0.309375 0.03125 0.0375
123 0.70625 0.134375 0.0328125 0.0328125
66 0.60078125 0.1171875 0.040625 0.034375
21 0.65703125 0.1234375 0.04375 0.0625
14 0.49140625 0.41953125 0.0375 0.0375
14 0.490625 0.465625 0.0390625 0.05
14 0.49296875 0.51796875 0.034375 0.05
123 0.46875 0.57578125 0.0375 0.034375
21 0.575 0.87421875 0.0375 0.053125
17 0.534375 0.809375 0.0234375 0.06875
17 0.4796875 0.8109375 0.025 0.078125
123 0.35546875 0.75703125 0.040625 0.053125
123 0.21328125 0.60625 0.05 0.065625
21 0.33203125 0.59609375 0.0484375 0.0453125
123 0.3953125 0.284375 0.0390625 0.0375
21 0.30625 0.05 0.0296875 0.046875