123 0.68359375 0.43515625 0.0609375 0.0265625
63 0.55078125 0.315625 0.0578125 0.0390625
25 0.38828125 0.20546875 0.0234375 0.0171875
25 0.43671875 0.3875 0.0296875 0.021875
63 0.47421875 0.46640625 0.05625 0.01875
63 0.15703125 0.31875 0.046875 0.021875
63 0.16875 0.40390625 0.0421875 0.0234375
123 0.06484375 0.5125 0.0609375 0.04375
113 0.71875 0.75546875 0.1359375 0.0515625
110 0.24609375 0.3890625 0.0359375 0.0265625
110 0.434375 0.40546875 0.03125 0.028125
110 0.53203125 0.7953125 0.0421875 0.0203125