118 0.903125 0.60625 0.021875 0.040625
110 0.8625 0.57265625 0.0296875 0.04375
123 0.8140625 0.57734375 0.025 0.03125
123 0.6078125 0.184375 0.015625 0.0375
123 0.37421875 0.44921875 0.0328125 0.0984375
123 0.2015625 0.496875 0.015625 0.04375
123 0.2921875 0.61328125 0.03125 0.046875
21 0.459375 0.6859375 0.03125 0.05
17 0.4328125 0.6390625 0.0125 0.040625
17 0.39140625 0.6390625 0.021875 0.04375
21 0.2796875 0.47890625 0.028125 0.046875
69 0.40078125 0.15 0.025 0.05
69 0.5234375 0.31015625 0.0375 0.046875
69 0.52734375 0.171875 0.015625 0.059375
63 0.384375 0.05234375 0.0328125 0.05625