118 0.096875 0.39375 0.021875 0.040625
110 0.1375 0.42734375 0.0296875 0.04375
123 0.1859375 0.42265625 0.025 0.03125
123 0.3921875 0.815625 0.015625 0.0390625
123 0.62578125 0.55078125 0.0328125 0.0984375
123 0.7984375 0.503125 0.015625 0.04375
123 0.7078125 0.38671875 0.03125 0.0484375
21 0.540625 0.3140625 0.03125 0.0515625
17 0.5671875 0.3609375 0.0125 0.0390625
17 0.60859375 0.3609375 0.021875 0.04375
21 0.7203125 0.52109375 0.028125 0.0484375
69 0.59921875 0.85 0.025 0.05
69 0.4765625 0.68984375 0.0390625 0.046875
69 0.47265625 0.828125 0.015625 0.0609375
63 0.615625 0.94765625 0.0328125 0.05625