38 0.4234375 0.29375 0.090625 0.09375
166 0.41953125 0.41171875 0.103125 0.1078125
98 0.4203125 0.5265625 0.090625 0.1109375
164 0.42421875 0.63671875 0.078125 0.1
47 0.4234375 0.72421875 0.046875 0.05625
21 0.38984375 0.78671875 0.0390625 0.05
21 0.4546875 0.78359375 0.05 0.075
21 0.4546875 0.84375 0.05625 0.065625
21 0.3921875 0.84375 0.046875 0.065625
65 0.4140625 0.9234375 0.084375 0.10625
170 0.69375 0.884375 0.0734375 0.16875
170 0.76328125 0.88203125 0.08125 0.178125
168 0.728125 0.740625 0.1234375 0.08125
159 0.72578125 0.63046875 0.0484375 0.10625
151 0.72890625 0.5375 0.146875 0.0625
151 0.7234375 0.46875 0.075 0.0953125
18 0.7234375 0.3828125 0.1125 0.065625
73 0.71953125 0.29296875 0.1109375 0.0953125