123 0.74140625 0.06171875 0.034375 0.0375
123 0.525 0.240625 0.05 0.03125
123 0.2421875 0.32578125 0.04375 0.0234375
123 0.58515625 0.62109375 0.053125 0.0359375
123 0.6390625 0.83984375 0.05625 0.028125
123 0.7859375 0.721875 0.046875 0.0453125
17 0.8265625 0.60625 0.071875 0.025
17 0.8171875 0.5484375 0.059375 0.021875
21 0.8890625 0.515625 0.059375 0.0453125
69 0.4 0.440625 0.053125 0.028125
69 0.2109375 0.4296875 0.040625 0.025
21 0.61796875 0.74453125 0.053125 0.0296875
63 0.31875 0.5296875 0.040625 0.0234375
69 0.19921875 0.58828125 0.05 0.0234375
63 0.06484375 0.53125 0.04375 0.0125
66 0.090625 0.6078125 0.03125 0.025
65 0.4375 0.06171875 0.18125 0.0875