14 0.58515625 0.2171875 0.0078125 0.0109375
14 0.58515625 0.2453125 0.0125 0.0109375
14 0.48984375 0.23828125 0.0078125 0.0109375
14 0.490625 0.253125 0.0125 0.009375
1 0.8328125 0.45234375 0.0078125 0.0171875
123 0.83515625 0.478125 0.0078125 0.015625
106 0.80390625 0.4734375 0.0140625 0.0125
123 0.85625 0.565625 0.009375 0.01875
106 0.71015625 0.4671875 0.00625 0.0140625
106 0.696875 0.4671875 0.0109375 0.015625
14 0.834375 0.628125 0.0078125 0.0125
14 0.7265625 0.62890625 0.0125 0.0140625
14 0.8265625 0.6578125 0.009375 0.0109375
14 0.71796875 0.65703125 0.0125 0.0109375
14 0.7890625 0.7171875 0.009375 0.0109375
21 0.84375 0.71953125 0.071875 0.05625
21 0.72421875 0.71875 0.05625 0.0546875
14 0.68125 0.715625 0.0109375 0.0125
14 0.62734375 0.42265625 0.0109375 0.0140625
14 0.49765625 0.3640625 0.0109375 0.0140625
14 0.51796875 0.4515625 0.0109375 0.0109375
14 0.5171875 0.49609375 0.0125 0.0125
1 0.5125 0.615625 0.0109375 0.0125
123 0.53046875 0.62734375 0.009375 0.0203125
14 0.58828125 0.6046875 0.0078125 0.015625
14 0.5875 0.58515625 0.009375 0.0078125
14 0.52109375 0.771875 0.0125 0.015625
25 0.30546875 0.746875 0.0109375 0.0109375
123 0.2609375 0.6875 0.0125 0.0203125
1 0.2609375 0.5625 0.0078125 0.0140625
1 0.19609375 0.56171875 0.0078125 0.0109375
123 0.196875 0.58046875 0.0109375 0.0203125
63 0.35859375 0.334375 0.0078125 0.015625
14 0.28359375 0.2890625 0.009375 0.009375
14 0.28359375 0.259375 0.009375 0.009375
14 0.2828125 0.33359375 0.0078125 0.015625
14 0.25078125 0.378125 0.0109375 0.0109375