106 0.32890625 0.93125 0.034375 0.025
106 0.27109375 0.89921875 0.05625 0.0125
106 0.446875 0.828125 0.053125 0.01875
106 0.88515625 0.93984375 0.05625 0.0140625
106 0.89609375 0.79609375 0.046875 0.01875
106 0.96875 0.79609375 0.04375 0.01875
106 0.9296875 0.66640625 0.065625 0.0328125
106 0.53515625 0.696875 0.046875 0.01875
106 0.534375 0.5828125 0.05 0.028125
106 0.24453125 0.73359375 0.040625 0.03125
106 0.31875 0.76796875 0.05625 0.015625
106 0.18203125 0.409375 0.046875 0.0390625
106 0.22109375 0.0640625 0.084375 0.0421875
106 0.50078125 0.06640625 0.0828125 0.028125