21 0.85 0.74609375 0.0375 0.0625
21 0.6 0.92421875 0.03125 0.05625
21 0.265625 0.7390625 0.0375 0.065625
21 0.40625 0.42265625 0.0375 0.05625
21 0.56875 0.1640625 0.034375 0.046875
63 0.52734375 0.21640625 0.01875 0.0421875
63 0.50625 0.2203125 0.0140625 0.053125
123 0.74296875 0.72421875 0.0296875 0.0359375
123 0.6234375 0.83984375 0.01875 0.0328125
123 0.63515625 0.9078125 0.025 0.0359375
123 0.39453125 0.7609375 0.0359375 0.0390625
123 0.43125 0.48046875 0.04375 0.05
123 0.29609375 0.40234375 0.03125 0.046875
123 0.3875 0.27890625 0.01875 0.0484375
14 0.4875 0.5546875 0.0296875 0.03125
14 0.48515625 0.625 0.021875 0.0328125
14 0.4875 0.6921875 0.0328125 0.025
22 0.23359375 0.73203125 0.0203125 0.03125
110 0.8078125 0.73828125 0.021875 0.0390625
14 0.559375 0.921875 0.0296875 0.046875