63 0.890625 0.1203125 0.04375 0.053125
69 0.81640625 0.115625 0.0484375 0.065625
123 0.74375 0.10859375 0.0453125 0.075
102 0.66796875 0.1 0.046875 0.1
77 0.5953125 0.10234375 0.046875 0.0984375
146 0.5125 0.0984375 0.0375 0.09375
13 0.4296875 0.1125 0.040625 0.0859375
134 0.3375 0.1125 0.05 0.0890625
12 0.24296875 0.1046875 0.0875 0.115625
43 0.12421875 0.1546875 0.071875 0.0734375
46 0.121875 0.26953125 0.0734375 0.0796875
66 0.890625 0.3125 0.046875 0.06875
70 0.8125 0.3078125 0.05 0.065625
124 0.74375 0.2984375 0.05625 0.06875
103 0.66015625 0.2890625 0.0515625 0.1015625
78 0.58515625 0.28359375 0.04375 0.1015625
15 0.51796875 0.3078125 0.025 0.0828125
15 0.47734375 0.31171875 0.0453125 0.0859375
81 0.41171875 0.3078125 0.0515625 0.0921875
156 0.33125 0.290625 0.06875 0.0890625
82 0.2546875 0.29140625 0.046875 0.11875
153 0.21171875 0.28828125 0.0359375 0.1125
115 0.221875 0.49375 0.05625 0.075
106 0.290625 0.5015625 0.04375 0.0546875
147 0.35390625 0.490625 0.04375 0.075
54 0.41328125 0.47109375 0.0375 0.1
116 0.49609375 0.465625 0.05 0.09375
6 0.5875 0.4953125 0.0484375 0.0453125
99 0.6640625 0.490625 0.05625 0.1375
120 0.7328125 0.49375 0.04375 0.103125
67 0.81015625 0.50078125 0.046875 0.0890625
8 0.88515625 0.50703125 0.040625 0.06875
14 0.88515625 0.70703125 0.04375 0.0546875
76 0.803125 0.67578125 0.0375 0.103125
118 0.7109375 0.6984375 0.046875 0.0484375
99 0.6296875 0.67421875 0.03125 0.103125
17 0.5515625 0.71171875 0.0453125 0.0453125
17 0.47890625 0.70390625 0.071875 0.065625
122 0.40703125 0.6875 0.04375 0.09375
22 0.3265625 0.7015625 0.05 0.053125
158 0.24609375 0.6890625 0.0546875 0.059375
34 0.88671875 0.89296875 0.0421875 0.06875
34 0.83671875 0.89140625 0.040625 0.0546875
101 0.75390625 0.8703125 0.0296875 0.10625
113 0.69765625 0.88828125 0.0296875 0.084375
112 0.63046875 0.8890625 0.0375 0.071875
137 0.53828125 0.88046875 0.0796875 0.065625
138 0.43046875 0.87734375 0.059375 0.05625
141 0.3265625 0.8890625 0.059375 0.0828125
64 0.2703125 0.8890625 0.0234375 0.078125
110 0.22421875 0.87265625 0.0375 0.059375
48 0.11875 0.47734375 0.0671875 0.0546875
163 0.11875 0.59140625 0.075 0.0671875
172 0.1234375 0.71640625 0.0734375 0.0546875
155 0.121875 0.83515625 0.0984375 0.053125