66 0.81796875 0.9375 0.0546875 0.040625
63 0.78203125 0.8953125 0.04375 0.034375
63 0.8203125 0.83828125 0.0453125 0.0359375
106 0.778125 0.79765625 0.0453125 0.0375
106 0.81796875 0.65078125 0.0453125 0.04375
106 0.775 0.61015625 0.046875 0.065625
106 0.64140625 0.60546875 0.071875 0.0515625
17 0.77890625 0.50078125 0.0515625 0.034375
17 0.64140625 0.5109375 0.065625 0.046875
113 0.8328125 0.18515625 0.05625 0.096875
1 0.2609375 0.9265625 0.034375 0.0546875
4 0.2640625 0.83828125 0.05 0.065625
22 0.2609375 0.65546875 0.059375 0.05625
22 0.22109375 0.596875 0.06875 0.0546875
22 0.08046875 0.6015625 0.0828125 0.0703125
158 0.25625 0.503125 0.065625 0.0890625
8 0.29609375 0.3515625 0.08125 0.075
134 0.26328125 0.09296875 0.1171875 0.096875