66 0.81796875 0.0625 0.0546875 0.0421875
63 0.78203125 0.1046875 0.04375 0.034375
63 0.8203125 0.16171875 0.0453125 0.0359375
106 0.778125 0.20234375 0.046875 0.0375
106 0.81796875 0.34921875 0.0453125 0.04375
106 0.775 0.38984375 0.0484375 0.065625
106 0.64140625 0.39453125 0.0703125 0.0515625
17 0.77890625 0.49921875 0.0515625 0.034375
17 0.64140625 0.4890625 0.065625 0.0484375
113 0.8328125 0.81484375 0.05625 0.096875
1 0.2609375 0.0734375 0.034375 0.0546875
4 0.2640625 0.16171875 0.05 0.065625
22 0.2609375 0.34453125 0.059375 0.0578125
22 0.22109375 0.403125 0.0703125 0.0546875
22 0.08046875 0.3984375 0.0828125 0.0703125
158 0.25625 0.496875 0.065625 0.0890625
8 0.29609375 0.6484375 0.08125 0.0765625
134 0.26328125 0.90703125 0.1171875 0.0984375