113 0.6203125 0.071875 0.0859375 0.14375
63 0.66484375 0.31875 0.0203125 0.0609375
63 0.62109375 0.31796875 0.0296875 0.065625
63 0.5109375 0.3234375 0.028125 0.0609375
63 0.3828125 0.26015625 0.05625 0.0484375
63 0.65625 0.859375 0.040625 0.059375
63 0.83125 0.8625 0.046875 0.0390625
63 0.35234375 0.7671875 0.0546875 0.04375
63 0.3734375 0.81953125 0.0390625 0.0578125
63 0.17421875 0.7703125 0.0453125 0.046875
63 0.2015625 0.2578125 0.0640625 0.04375
124 0.29453125 0.24140625 0.05625 0.0890625
124 0.26796875 0.75 0.071875 0.0796875
124 0.7515625 0.84453125 0.0609375 0.084375