113 0.928125 0.3796875 0.14375 0.0859375
63 0.68125 0.33515625 0.0609375 0.01875
63 0.68203125 0.37890625 0.065625 0.0296875
63 0.6765625 0.4890625 0.0609375 0.028125
63 0.73984375 0.6171875 0.05 0.05625
63 0.140625 0.34375 0.059375 0.040625
63 0.1375 0.16875 0.0390625 0.046875
63 0.2328125 0.64765625 0.04375 0.0546875
63 0.18046875 0.6265625 0.05625 0.0375
63 0.2296875 0.82578125 0.046875 0.04375
63 0.7421875 0.7984375 0.04375 0.0640625
124 0.75859375 0.70546875 0.0875 0.05625
124 0.25 0.73203125 0.078125 0.071875
124 0.15546875 0.2484375 0.084375 0.0609375