63 0.92421875 0.9828125 0.071875 0.028125
69 0.64375 0.984375 0.053125 0.03125
66 0.35625 0.9859375 0.078125 0.028125
123 0.059375 0.984375 0.0578125 0.03125
12 0.93828125 0.85 0.059375 0.0375
106 0.64921875 0.85 0.103125 0.040625
17 0.36328125 0.85 0.09375 0.0328125
17 0.05703125 0.846875 0.0515625 0.028125
14 0.93984375 0.70546875 0.0625 0.0375
14 0.653125 0.7 0.103125 0.04375
27 0.3328125 0.70546875 0.103125 0.046875
48 0.06640625 0.71328125 0.078125 0.0421875
8 0.0546875 0.56875 0.0484375 0.034375
22 0.3421875 0.5671875 0.078125 0.034375
22 0.63515625 0.5703125 0.0875 0.0359375
53 0.93828125 0.565625 0.065625 0.0328125
67 0.93203125 0.43046875 0.04375 0.05
69 0.65625 0.428125 0.0859375 0.05625
126 0.33984375 0.42421875 0.084375 0.046875
157 0.0671875 0.41953125 0.0796875 0.0484375
106 0.05546875 0.2984375 0.084375 0.040625
54 0.34765625 0.30078125 0.0703125 0.0453125
102 0.65390625 0.3 0.059375 0.0546875
77 0.94140625 0.29765625 0.05625 0.05
1 0.9375 0.1796875 0.0578125 0.0390625
4 0.63125 0.178125 0.11875 0.05
64 0.3265625 0.1765625 0.1 0.059375
15 0.07265625 0.18828125 0.096875 0.071875
141 0.65625 0.04296875 0.1015625 0.0421875
110 0.9390625 0.0453125 0.084375 0.053125