63 0.9828125 0.92421875 0.028125 0.071875
69 0.984375 0.64375 0.03125 0.053125
66 0.9859375 0.35625 0.028125 0.078125
123 0.984375 0.059375 0.03125 0.05625
12 0.85 0.93828125 0.0375 0.059375
106 0.85 0.64921875 0.040625 0.103125
17 0.85 0.36328125 0.0328125 0.09375
17 0.846875 0.05703125 0.028125 0.0515625
14 0.70546875 0.93984375 0.0375 0.0625
14 0.7 0.653125 0.04375 0.103125
27 0.70546875 0.3328125 0.046875 0.103125
48 0.71328125 0.06640625 0.0421875 0.078125
8 0.56875 0.0546875 0.034375 0.046875
22 0.5671875 0.3421875 0.034375 0.078125
22 0.5703125 0.63515625 0.0359375 0.0875
53 0.565625 0.93828125 0.0328125 0.065625
67 0.43046875 0.93203125 0.05 0.04375
69 0.428125 0.65625 0.05625 0.0859375
126 0.42421875 0.33984375 0.046875 0.084375
157 0.41953125 0.0671875 0.0484375 0.078125
106 0.2984375 0.05546875 0.040625 0.084375
54 0.30078125 0.34765625 0.0453125 0.0703125
102 0.3 0.65390625 0.0546875 0.059375
77 0.29765625 0.94140625 0.05 0.05625
1 0.1796875 0.9375 0.0390625 0.0578125
4 0.178125 0.63125 0.05 0.11875
64 0.1765625 0.3265625 0.059375 0.1
15 0.18828125 0.07265625 0.071875 0.096875
141 0.04296875 0.65625 0.0421875 0.1015625
110 0.0453125 0.9390625 0.053125 0.0859375