63 0.98125 0.2203125 0.03125 0.065625
106 0.93828125 0.21875 0.040625 0.0625
4 0.8953125 0.21953125 0.034375 0.084375
8 0.8625 0.21015625 0.0390625 0.090625
34 0.8140625 0.21796875 0.040625 0.0671875
27 0.7671875 0.21484375 0.04375 0.0875
64 0.7296875 0.22734375 0.034375 0.096875
156 0.6984375 0.22421875 0.0328125 0.1125
75 0.65703125 0.23046875 0.0578125 0.121875
134 0.5890625 0.23359375 0.04375 0.121875
123 0.54453125 0.234375 0.046875 0.0875
12 0.4828125 0.24140625 0.053125 0.121875
34 0.40546875 0.33984375 0.0375 0.0765625
34 0.334375 0.3453125 0.0578125 0.053125
101 0.2734375 0.30078125 0.046875 0.1390625
118 0.2015625 0.30546875 0.0375 0.06875
118 0.1359375 0.30546875 0.040625 0.059375
104 0.07578125 0.26328125 0.053125 0.1375
112 0.05234375 0.73125 0.0625 0.0796875
113 0.1625 0.75546875 0.06875 0.1625
113 0.2234375 0.75078125 0.025 0.1625
156 0.30390625 0.7046875 0.034375 0.1140625
12 0.3796875 0.70078125 0.040625 0.115625
134 0.43125 0.6984375 0.053125 0.1140625
110 0.22578125 0.89765625 0.0546875 0.0703125
141 0.27734375 0.90234375 0.0328125 0.075
64 0.38671875 0.90234375 0.053125 0.0875
103 0.46640625 0.83125 0.05 0.109375
14 0.52734375 0.8578125 0.040625 0.046875
14 0.575 0.85625 0.0484375 0.0453125
106 0.64140625 0.86171875 0.040625 0.0421875
99 0.69453125 0.84609375 0.034375 0.115625
120 0.734375 0.85703125 0.028125 0.103125
8 0.76875 0.8703125 0.0203125 0.0671875
78 0.8078125 0.83515625 0.0359375 0.096875
103 0.86328125 0.83515625 0.03125 0.1015625
66 0.96484375 0.8515625 0.0390625 0.046875
124 0.91640625 0.85 0.0375 0.08125
14 0.98046875 0.56015625 0.028125 0.0625
22 0.94453125 0.5578125 0.034375 0.071875
22 0.90703125 0.5546875 0.04375 0.059375
118 0.8734375 0.56015625 0.034375 0.0828125
15 0.834375 0.5234375 0.01875 0.08125
15 0.8 0.53046875 0.040625 0.1078125
110 0.75234375 0.540625 0.034375 0.090625
122 0.68671875 0.471875 0.028125 0.1140625
105 0.6234375 0.5296875 0.04375 0.103125
141 0.565625 0.56796875 0.034375 0.075
112 0.52421875 0.52578125 0.03125 0.059375
113 0.4875 0.5375 0.028125 0.084375
113 0.4546875 0.55078125 0.0375 0.109375
1 0.85234375 0.38515625 0.0390625 0.071875
17 0.9 0.390625 0.0390625 0.0671875
17 0.9390625 0.38671875 0.0296875 0.065625
66 0.9796875 0.38515625 0.040625 0.08125