63 0.98125 0.7796875 0.03125 0.065625
106 0.93828125 0.78125 0.040625 0.0640625
4 0.8953125 0.78046875 0.034375 0.0859375
8 0.8625 0.78984375 0.0390625 0.090625
34 0.8140625 0.78203125 0.040625 0.0671875
27 0.7671875 0.78515625 0.04375 0.0890625
64 0.7296875 0.77265625 0.0359375 0.0984375
156 0.6984375 0.77578125 0.0328125 0.1125
75 0.65703125 0.76953125 0.0578125 0.121875
134 0.5890625 0.76640625 0.04375 0.1234375
123 0.54453125 0.765625 0.046875 0.0890625
12 0.4828125 0.75859375 0.0546875 0.1234375
34 0.40546875 0.66015625 0.0390625 0.0765625
34 0.334375 0.6546875 0.0578125 0.053125
101 0.2734375 0.69921875 0.046875 0.1390625
118 0.2015625 0.69453125 0.0375 0.06875
118 0.1359375 0.69453125 0.040625 0.059375
104 0.07578125 0.73671875 0.0546875 0.1359375
112 0.05234375 0.26875 0.0640625 0.0796875
113 0.1625 0.24453125 0.0703125 0.1609375
113 0.2234375 0.24921875 0.025 0.1625
156 0.30390625 0.2953125 0.0359375 0.1140625
12 0.3796875 0.29921875 0.040625 0.115625
134 0.43125 0.3015625 0.053125 0.1140625
110 0.22578125 0.10234375 0.0546875 0.0703125
141 0.27734375 0.09765625 0.0328125 0.075
64 0.38671875 0.09765625 0.053125 0.0875
103 0.46640625 0.16875 0.05 0.109375
14 0.52734375 0.1421875 0.040625 0.0484375
14 0.575 0.14375 0.0484375 0.0453125
106 0.64140625 0.13828125 0.0390625 0.0421875
99 0.69453125 0.15390625 0.034375 0.115625
120 0.734375 0.14296875 0.028125 0.103125
8 0.76875 0.1296875 0.0203125 0.0671875
78 0.8078125 0.16484375 0.0359375 0.096875
103 0.86328125 0.16484375 0.03125 0.1015625
66 0.96484375 0.1484375 0.0390625 0.0484375
124 0.91640625 0.15 0.0390625 0.08125
14 0.98046875 0.43984375 0.028125 0.0625
22 0.94453125 0.4421875 0.034375 0.071875
22 0.90703125 0.4453125 0.04375 0.0609375
118 0.8734375 0.43984375 0.0359375 0.0828125
15 0.834375 0.4765625 0.0203125 0.08125
15 0.8 0.46953125 0.040625 0.1078125
110 0.75234375 0.459375 0.034375 0.0921875
122 0.68671875 0.528125 0.028125 0.1140625
105 0.6234375 0.4703125 0.04375 0.103125
141 0.565625 0.43203125 0.0359375 0.075
112 0.52421875 0.47421875 0.03125 0.059375
113 0.4875 0.4625 0.028125 0.0859375
113 0.4546875 0.44921875 0.0375 0.109375
1 0.85234375 0.61484375 0.0390625 0.071875
17 0.9 0.609375 0.0375 0.0671875
17 0.9390625 0.61328125 0.0296875 0.065625
66 0.9796875 0.61484375 0.040625 0.08125