63 0.7796875 0.98125 0.065625 0.03125
106 0.78125 0.93828125 0.0625 0.040625
4 0.78046875 0.8953125 0.084375 0.034375
8 0.78984375 0.8625 0.090625 0.0390625
34 0.78203125 0.8140625 0.0671875 0.040625
27 0.78515625 0.7671875 0.0875 0.04375
64 0.77265625 0.7296875 0.096875 0.034375
156 0.77578125 0.6984375 0.1125 0.0328125
75 0.76953125 0.65703125 0.121875 0.0578125
134 0.76640625 0.5890625 0.121875 0.04375
123 0.765625 0.54453125 0.0875 0.046875
12 0.75859375 0.4828125 0.121875 0.053125
34 0.66015625 0.40546875 0.0765625 0.0375
34 0.6546875 0.334375 0.053125 0.0578125
101 0.69921875 0.2734375 0.1390625 0.046875
118 0.69453125 0.2015625 0.06875 0.0375
118 0.69453125 0.1359375 0.059375 0.040625
104 0.73671875 0.07578125 0.1375 0.053125
112 0.26875 0.05234375 0.0796875 0.0625
113 0.24453125 0.1625 0.1625 0.06875
113 0.24921875 0.2234375 0.1625 0.025
156 0.2953125 0.30390625 0.1140625 0.034375
12 0.29921875 0.3796875 0.115625 0.040625
134 0.3015625 0.43125 0.1140625 0.053125
110 0.10234375 0.22578125 0.0703125 0.0546875
141 0.09765625 0.27734375 0.075 0.0328125
64 0.09765625 0.38671875 0.0875 0.053125
103 0.16875 0.46640625 0.109375 0.05
14 0.1421875 0.52734375 0.046875 0.040625
14 0.14375 0.575 0.0453125 0.0484375
106 0.13828125 0.64140625 0.0421875 0.040625
99 0.15390625 0.69453125 0.115625 0.034375
120 0.14296875 0.734375 0.103125 0.028125
8 0.1296875 0.76875 0.0671875 0.0203125
78 0.16484375 0.8078125 0.096875 0.0359375
103 0.16484375 0.86328125 0.1015625 0.03125
66 0.1484375 0.96484375 0.046875 0.0390625
124 0.15 0.91640625 0.08125 0.0375
14 0.43984375 0.98046875 0.0625 0.028125
22 0.4421875 0.94453125 0.071875 0.034375
22 0.4453125 0.90703125 0.059375 0.04375
118 0.43984375 0.8734375 0.0828125 0.034375
15 0.4765625 0.834375 0.08125 0.01875
15 0.46953125 0.8 0.1078125 0.040625
110 0.459375 0.75234375 0.090625 0.034375
122 0.528125 0.68671875 0.1140625 0.028125
105 0.4703125 0.6234375 0.103125 0.04375
141 0.43203125 0.565625 0.075 0.034375
112 0.47421875 0.52421875 0.059375 0.03125
113 0.4625 0.4875 0.084375 0.028125
113 0.44921875 0.4546875 0.109375 0.0375
1 0.61484375 0.85234375 0.071875 0.0390625
17 0.609375 0.9 0.0671875 0.0390625
17 0.61328125 0.9390625 0.065625 0.0296875
66 0.61484375 0.9796875 0.08125 0.040625