10 0.89375 0.025 0.175 0.05
20 0.63125 0.025 0.2890625 0.05
20 0.37734375 0.025 0.2625 0.05
20 0.12265625 0.0234375 0.2453125 0.046875
139 0.8796875 0.109375 0.240625 0.0546875
142 0.63828125 0.10859375 0.134375 0.05625
142 0.3734375 0.109375 0.16875 0.05
125 0.11796875 0.11328125 0.153125 0.084375
29 0.11796875 0.18828125 0.153125 0.0296875
150 0.378125 0.18984375 0.1875 0.028125
149 0.634375 0.18984375 0.1546875 0.025
111 0.89296875 0.1875 0.171875 0.0296875
125 0.87265625 0.26171875 0.253125 0.05625
41 0.64375 0.26015625 0.1 0.05625
41 0.378125 0.26015625 0.2046875 0.0515625
72 0.109375 0.26328125 0.140625 0.0484375
39 0.1109375 0.33984375 0.13125 0.0375
35 0.3671875 0.34140625 0.225 0.0375
97 0.64609375 0.33125 0.165625 0.053125
152 0.89296875 0.334375 0.165625 0.053125
92 0.88671875 0.40625 0.1484375 0.0578125
166 0.6296875 0.4171875 0.1875 0.03125
36 0.36953125 0.4140625 0.275 0.0390625
95 0.10234375 0.4109375 0.1484375 0.0453125
37 0.8984375 0.5078125 0.1625 0.0328125
160 0.6375 0.5015625 0.09375 0.05
19 0.37265625 0.48671875 0.234375 0.06875
5 0.11015625 0.49609375 0.2203125 0.0546875
16 0.88671875 0.59453125 0.1828125 0.0453125
59 0.63515625 0.5796875 0.171875 0.065625
60 0.38984375 0.58203125 0.14375 0.059375
61 0.109375 0.5796875 0.1546875 0.0671875
165 0.8984375 0.6921875 0.1109375 0.0515625
177 0.646875 0.67734375 0.15 0.08125
96 0.3875 0.6890625 0.15625 0.0515625
80 0.10859375 0.68828125 0.103125 0.05625
117 0.90390625 0.77421875 0.125 0.0625
79 0.65703125 0.7703125 0.2671875 0.0703125
114 0.36796875 0.7734375 0.13125 0.0625
23 0.1109375 0.77734375 0.165625 0.053125
32 0.1015625 0.8828125 0.146875 0.053125
31 0.38203125 0.86796875 0.2265625 0.084375
30 0.64375 0.87109375 0.2328125 0.078125
62 0.9109375 0.87421875 0.178125 0.071875
109 0.8828125 0.97421875 0.1375 0.025
9 0.628125 0.9671875 0.228125 0.040625