63 0.91875 0.734375 0.0359375 0.0390625
69 0.8390625 0.73984375 0.0453125 0.0484375
123 0.7578125 0.74375 0.0390625 0.0609375
102 0.67890625 0.753125 0.0359375 0.06875
77 0.59453125 0.74765625 0.0390625 0.06875
146 0.5125 0.75234375 0.0484375 0.0734375
13 0.42421875 0.7453125 0.0421875 0.0609375
66 0.33046875 0.9 0.0515625 0.0390625
70 0.19765625 0.89921875 0.0671875 0.0578125
134 0.33046875 0.74921875 0.059375 0.0765625
12 0.234375 0.746875 0.0625 0.0828125
43 0.09375 0.70625 0.075 0.0609375
46 0.09453125 0.61796875 0.0796875 0.0703125
66 0.92109375 0.58359375 0.0484375 0.0359375
70 0.83984375 0.5890625 0.046875 0.04375
124 0.7546875 0.5921875 0.0578125 0.06875
103 0.675 0.6015625 0.040625 0.078125
78 0.59453125 0.603125 0.05625 0.0765625
15 0.515625 0.5859375 0.025 0.0546875
15 0.47421875 0.58203125 0.0515625 0.0609375
81 0.4109375 0.58984375 0.0546875 0.0796875
156 0.3171875 0.596875 0.04375 0.0609375
82 0.23515625 0.60078125 0.0375 0.0765625
153 0.18671875 0.59921875 0.040625 0.0796875
116 0.490625 0.45625 0.0421875 0.075
54 0.40625 0.4578125 0.046875 0.075
147 0.3421875 0.44140625 0.046875 0.04375
106 0.27421875 0.4390625 0.0453125 0.034375
115 0.20078125 0.4390625 0.05 0.046875
6 0.59609375 0.44140625 0.053125 0.05
99 0.67265625 0.45078125 0.0390625 0.0859375
120 0.75390625 0.4375 0.04375 0.0796875
67 0.83515625 0.434375 0.0375 0.0671875
8 0.91875 0.43203125 0.05 0.053125
14 0.91484375 0.2765625 0.0484375 0.04375
76 0.825 0.29921875 0.0375 0.08125
118 0.72890625 0.27734375 0.046875 0.0453125
104 0.64140625 0.29765625 0.034375 0.075
17 0.55546875 0.275 0.0390625 0.0421875
17 0.4765625 0.27109375 0.0453125 0.0375
122 0.39765625 0.290625 0.0421875 0.0703125
22 0.3140625 0.28515625 0.059375 0.0421875
158 0.22734375 0.28984375 0.0515625 0.046875
34 0.92265625 0.12578125 0.0484375 0.040625
34 0.86015625 0.1265625 0.0390625 0.0296875
101 0.7734375 0.14375 0.034375 0.0828125
113 0.71484375 0.134375 0.03125 0.0609375
112 0.63984375 0.13671875 0.0515625 0.06875
137 0.5328125 0.1375 0.0671875 0.0484375
138 0.4234375 0.14140625 0.06875 0.05
141 0.31796875 0.1390625 0.0578125 0.05
64 0.25390625 0.1390625 0.0390625 0.059375
110 0.19765625 0.13984375 0.03125 0.0546875
155 0.0921875 0.1703125 0.05 0.028125
172 0.09140625 0.265625 0.0390625 0.0390625
163 0.09140625 0.36171875 0.053125 0.040625
48 0.09375 0.4578125 0.05 0.0515625