63 0.91875 0.265625 0.034375 0.0390625
69 0.8390625 0.26015625 0.04375 0.0484375
123 0.7578125 0.25625 0.0375 0.0609375
102 0.67890625 0.246875 0.0359375 0.06875
77 0.59453125 0.25234375 0.0390625 0.06875
146 0.5125 0.24765625 0.0484375 0.0734375
13 0.42421875 0.2546875 0.0421875 0.059375
66 0.33046875 0.1 0.053125 0.0390625
70 0.19765625 0.10078125 0.0671875 0.0578125
134 0.33046875 0.25078125 0.059375 0.075
12 0.234375 0.253125 0.0625 0.08125
43 0.09375 0.29375 0.075 0.059375
46 0.09453125 0.38203125 0.078125 0.06875
66 0.92109375 0.41640625 0.046875 0.0359375
70 0.83984375 0.4109375 0.046875 0.04375
124 0.7546875 0.4078125 0.05625 0.06875
103 0.675 0.3984375 0.040625 0.078125
78 0.59453125 0.396875 0.05625 0.075
15 0.515625 0.4140625 0.025 0.0546875
15 0.47421875 0.41796875 0.0515625 0.0609375
81 0.4109375 0.41015625 0.05625 0.0796875
156 0.3171875 0.403125 0.04375 0.059375
82 0.23515625 0.39921875 0.0375 0.075
153 0.18671875 0.40078125 0.040625 0.0796875
116 0.490625 0.54375 0.040625 0.075
54 0.40625 0.5421875 0.046875 0.075
147 0.3421875 0.55859375 0.046875 0.04375
106 0.27421875 0.5609375 0.0453125 0.034375
115 0.20078125 0.5609375 0.05 0.046875
6 0.59609375 0.55859375 0.053125 0.05
99 0.67265625 0.54921875 0.0375 0.0859375
120 0.75390625 0.5625 0.04375 0.0796875
67 0.83515625 0.565625 0.0375 0.065625
8 0.91875 0.56796875 0.05 0.053125
14 0.91484375 0.7234375 0.0484375 0.04375
76 0.825 0.70078125 0.0375 0.08125
118 0.72890625 0.72265625 0.046875 0.0453125
104 0.64140625 0.70234375 0.034375 0.075
17 0.55546875 0.725 0.0390625 0.0421875
17 0.4765625 0.72890625 0.04375 0.0375
122 0.39765625 0.709375 0.0421875 0.0703125
22 0.3140625 0.71484375 0.059375 0.040625
158 0.22734375 0.71015625 0.05 0.046875
34 0.92265625 0.87421875 0.0484375 0.040625
34 0.86015625 0.8734375 0.0390625 0.0296875
101 0.7734375 0.85625 0.034375 0.08125
113 0.71484375 0.865625 0.03125 0.0609375
112 0.63984375 0.86328125 0.0515625 0.06875
137 0.5328125 0.8625 0.065625 0.0484375
138 0.4234375 0.85859375 0.06875 0.05
141 0.31796875 0.8609375 0.05625 0.05
64 0.25390625 0.8609375 0.0390625 0.059375
110 0.19765625 0.86015625 0.03125 0.0546875
155 0.0921875 0.8296875 0.05 0.028125
172 0.09140625 0.734375 0.0390625 0.0375
163 0.09140625 0.63828125 0.053125 0.040625
48 0.09375 0.5421875 0.05 0.053125