63 0.91640625 0.07421875 0.065625 0.046875
27 0.7640625 0.06171875 0.0859375 0.05625
123 0.6078125 0.05625 0.0703125 0.059375
102 0.45234375 0.053125 0.0765625 0.075
77 0.28828125 0.0515625 0.071875 0.078125
15 0.16171875 0.05 0.0515625 0.065625
15 0.07109375 0.05546875 0.0859375 0.0703125
106 0.06953125 0.22109375 0.075 0.04375
99 0.20625 0.2109375 0.0921875 0.1046875
120 0.303125 0.2171875 0.075 0.0953125
8 0.39921875 0.23125 0.0625 0.0515625
78 0.509375 0.19921875 0.0953125 0.0828125
103 0.6546875 0.20234375 0.0875 0.09375
124 0.7828125 0.2125 0.0828125 0.053125
66 0.91875 0.22265625 0.090625 0.0421875
14 0.91875 0.375 0.0609375 0.040625
14 0.78671875 0.37421875 0.0953125 0.0515625
76 0.65625 0.3546875 0.0921875 0.0859375
118 0.390625 0.378125 0.0765625 0.0453125
118 0.240625 0.37265625 0.0828125 0.0515625
104 0.109375 0.353125 0.0546875 0.08125
156 0.125 0.49609375 0.0765625 0.065625
134 0.30390625 0.4953125 0.090625 0.0828125
12 0.38984375 0.496875 0.0859375 0.0734375
122 0.65 0.5 0.084375 0.0703125
17 0.78828125 0.50859375 0.10625 0.034375
100 0.51484375 0.49921875 0.08125 0.084375
17 0.91484375 0.51328125 0.0765625 0.0375
34 0.9140625 0.678125 0.0640625 0.0484375
34 0.7859375 0.67578125 0.109375 0.0390625
101 0.6515625 0.653125 0.1140625 0.1
22 0.403125 0.6609375 0.08125 0.046875
22 0.28515625 0.65390625 0.096875 0.0515625
158 0.1140625 0.6484375 0.1203125 0.075
1 0.13515625 0.815625 0.0796875 0.046875
4 0.28203125 0.8140625 0.09375 0.0625
112 0.59921875 0.79765625 0.134375 0.05
113 0.82109375 0.81796875 0.1078125 0.090625
113 0.94375 0.82734375 0.0890625 0.075
82 0.9125 0.9578125 0.0609375 0.06875
115 0.7328125 0.9578125 0.1015625 0.0515625
64 0.46328125 0.9234375 0.0953125 0.0609375
141 0.22421875 0.9265625 0.078125 0.0625
110 0.1203125 0.91953125 0.0546875 0.059375