38 0.95390625 0.1125 0.0921875 0.225
28 0.9546875 0.38046875 0.090625 0.203125
98 0.9546875 0.63203125 0.078125 0.1421875
164 0.95546875 0.89765625 0.0890625 0.178125
47 0.740625 0.07734375 0.0703125 0.1125
21 0.753125 0.35546875 0.08125 0.2
21 0.7609375 0.61796875 0.103125 0.1453125
21 0.76328125 0.884375 0.1109375 0.159375
21 0.55234375 0.1078125 0.109375 0.215625
65 0.55703125 0.35546875 0.125 0.18125
73 0.54375 0.61953125 0.090625 0.1984375
136 0.5234375 0.89609375 0.0515625 0.2078125
151 0.32265625 0.09296875 0.115625 0.184375
151 0.2921875 0.3515625 0.0515625 0.253125
159 0.36484375 0.6125 0.1828125 0.190625
168 0.328125 0.8875 0.1078125 0.1984375
170 0.11328125 0.35078125 0.15625 0.2109375
170 0.1046875 0.1015625 0.146875 0.196875