38 0.04609375 0.8875 0.090625 0.225
28 0.04453125 0.62109375 0.0890625 0.2015625
98 0.0453125 0.36796875 0.078125 0.1421875
164 0.04453125 0.10234375 0.0875 0.178125
47 0.259375 0.92265625 0.0703125 0.1125
21 0.246875 0.64453125 0.08125 0.2
21 0.2390625 0.38203125 0.103125 0.1453125
21 0.23671875 0.115625 0.109375 0.159375
21 0.44765625 0.8921875 0.109375 0.215625
65 0.44296875 0.64453125 0.125 0.18125
73 0.45625 0.38046875 0.090625 0.1984375
136 0.47578125 0.1046875 0.0515625 0.209375
151 0.67734375 0.90703125 0.115625 0.184375
151 0.7078125 0.6484375 0.0515625 0.253125
159 0.63515625 0.3875 0.1828125 0.190625
168 0.671875 0.1125 0.10625 0.1984375
170 0.88671875 0.64921875 0.15625 0.209375
170 0.8953125 0.8984375 0.146875 0.196875