63 0.77578125 0.90546875 0.0515625 0.05
27 0.671875 0.91171875 0.0625 0.059375
123 0.57265625 0.9125 0.053125 0.0734375
102 0.471875 0.92734375 0.053125 0.0828125
77 0.36015625 0.92265625 0.0546875 0.0859375
15 0.278125 0.92265625 0.0453125 0.0796875
15 0.21796875 0.92109375 0.0640625 0.10625
66 0.7703125 0.74765625 0.0625 0.0640625
124 0.68203125 0.75859375 0.040625 0.06875
103 0.5921875 0.771875 0.06875 0.0984375
78 0.50546875 0.76796875 0.0625 0.090625
8 0.42890625 0.76328125 0.0421875 0.0609375
120 0.37421875 0.775 0.0578125 0.0828125
99 0.29765625 0.77890625 0.04375 0.103125
106 0.215625 0.75078125 0.0578125 0.046875
14 0.77421875 0.5953125 0.053125 0.0515625
14 0.67109375 0.59609375 0.053125 0.06875
76 0.57421875 0.6109375 0.065625 0.096875
118 0.45234375 0.59296875 0.059375 0.046875
118 0.35546875 0.59765625 0.065625 0.053125
104 0.24375 0.61875 0.0703125 0.0890625
1 0.24296875 0.47421875 0.0515625 0.0578125
156 0.33984375 0.47109375 0.0640625 0.0796875
12 0.4359375 0.46953125 0.04375 0.0734375
134 0.49765625 0.471875 0.0546875 0.0859375
100 0.596875 0.45703125 0.053125 0.075
17 0.68203125 0.43671875 0.071875 0.0609375
17 0.775 0.44375 0.0546875 0.0515625
34 0.77421875 0.29296875 0.075 0.05625
34 0.6890625 0.2859375 0.0484375 0.0359375
101 0.596875 0.303125 0.053125 0.109375
22 0.4765625 0.30859375 0.0671875 0.05
22 0.36015625 0.30546875 0.0734375 0.040625
158 0.25 0.30546875 0.0890625 0.078125
110 0.2359375 0.14921875 0.0625 0.071875
64 0.328125 0.13125 0.065625 0.08125
115 0.4328125 0.13203125 0.1046875 0.0515625
112 0.59296875 0.115625 0.1 0.0921875
113 0.72421875 0.1171875 0.09375 0.1140625
113 0.790625 0.11796875 0.0484375 0.0875