63 0.80234375 0.103125 0.08125 0.14375
66 0.79765625 0.26796875 0.09375 0.1203125
14 0.80078125 0.3953125 0.075 0.0875
118 0.7953125 0.5421875 0.071875 0.1015625
17 0.80078125 0.675 0.0625 0.08125
22 0.79609375 0.8515625 0.084375 0.1
158 0.484375 0.09140625 0.1046875 0.1203125
106 0.4796875 0.40546875 0.08125 0.109375
115 0.47890625 0.67109375 0.0875 0.10625
82 0.47734375 0.859375 0.06875 0.2421875
1 0.059375 0.11328125 0.06875 0.13125
4 0.05078125 0.2625 0.059375 0.1453125
8 0.04921875 0.4140625 0.053125 0.0953125