63 0.103125 0.19765625 0.14375 0.08125
66 0.26796875 0.20234375 0.1203125 0.09375
14 0.3953125 0.19921875 0.0875 0.075
118 0.5421875 0.2046875 0.1015625 0.071875
17 0.675 0.19921875 0.08125 0.0625
22 0.8515625 0.20390625 0.1 0.084375
158 0.09140625 0.515625 0.1203125 0.1046875
106 0.40546875 0.5203125 0.109375 0.08125
115 0.67109375 0.52109375 0.10625 0.0875
82 0.859375 0.52265625 0.2421875 0.06875
1 0.11328125 0.940625 0.13125 0.06875
4 0.2625 0.94921875 0.1453125 0.059375
8 0.4140625 0.95078125 0.0953125 0.053125