63 0.90703125 0.7453125 0.0359375 0.034375
69 0.83125 0.75546875 0.053125 0.0515625
123 0.74921875 0.7578125 0.0484375 0.059375
102 0.6703125 0.76015625 0.046875 0.075
77 0.58671875 0.7625 0.0421875 0.0703125
146 0.5 0.7640625 0.04375 0.0734375
13 0.41484375 0.76171875 0.0390625 0.065625
134 0.31328125 0.7609375 0.0578125 0.071875
12 0.21875 0.7625 0.0640625 0.0734375
43 0.0859375 0.72109375 0.078125 0.0625
46 0.08359375 0.62734375 0.0515625 0.0671875
153 0.17578125 0.6109375 0.04375 0.0890625
82 0.23046875 0.61171875 0.053125 0.0796875
157 0.30078125 0.6125 0.071875 0.0671875
81 0.39921875 0.603125 0.053125 0.08125
15 0.46484375 0.59609375 0.05625 0.0625
15 0.50625 0.5953125 0.03125 0.06875
116 0.4828125 0.471875 0.0625 0.0796875
54 0.3984375 0.47109375 0.0671875 0.0828125
147 0.3296875 0.459375 0.0640625 0.06875
106 0.26328125 0.453125 0.0453125 0.05625
115 0.1890625 0.4515625 0.05625 0.0484375
66 0.90546875 0.6 0.0484375 0.04375
70 0.8296875 0.6046875 0.065625 0.053125
124 0.74453125 0.61484375 0.0671875 0.084375
103 0.65859375 0.61484375 0.0578125 0.08125
78 0.58046875 0.6140625 0.0546875 0.0859375
6 0.58046875 0.453125 0.0671875 0.071875
99 0.6625 0.45859375 0.0546875 0.090625
120 0.73984375 0.453125 0.0484375 0.08125
67 0.8203125 0.44921875 0.053125 0.06875
8 0.90703125 0.44453125 0.05 0.053125
14 0.9015625 0.29140625 0.059375 0.0515625
76 0.81796875 0.31015625 0.0453125 0.0828125
118 0.71171875 0.29453125 0.046875 0.05
104 0.628125 0.30546875 0.04375 0.0765625
17 0.54453125 0.2875 0.04375 0.0375
17 0.46484375 0.290625 0.05 0.05
122 0.38671875 0.303125 0.0328125 0.0703125
22 0.29921875 0.29765625 0.0453125 0.0546875
158 0.215625 0.3015625 0.0515625 0.0421875
110 0.1890625 0.15859375 0.0375 0.065625
64 0.2453125 0.1515625 0.0421875 0.0671875
141 0.30234375 0.146875 0.0546875 0.0546875
138 0.4125 0.15703125 0.065625 0.0578125
137 0.5171875 0.15390625 0.053125 0.0625
112 0.6265625 0.1453125 0.04375 0.065625
113 0.70546875 0.1484375 0.028125 0.0625
101 0.76015625 0.15390625 0.0296875 0.078125
34 0.84296875 0.13515625 0.0546875 0.0453125
34 0.91171875 0.140625 0.05625 0.034375