63 0.2546875 0.90703125 0.034375 0.0359375
69 0.24453125 0.83125 0.0515625 0.053125
123 0.2421875 0.74921875 0.059375 0.0484375
102 0.23984375 0.6703125 0.075 0.046875
77 0.2375 0.58671875 0.0703125 0.0421875
146 0.2359375 0.5 0.0734375 0.04375
13 0.23828125 0.41484375 0.065625 0.0390625
134 0.2390625 0.31328125 0.071875 0.0578125
12 0.2375 0.21875 0.0734375 0.0640625
43 0.27890625 0.0859375 0.0625 0.078125
46 0.37265625 0.08359375 0.0671875 0.0515625
153 0.3890625 0.17578125 0.0890625 0.04375
82 0.38828125 0.23046875 0.0796875 0.053125
157 0.3875 0.30078125 0.0671875 0.071875
81 0.396875 0.39921875 0.08125 0.053125
15 0.40390625 0.46484375 0.0625 0.05625
15 0.4046875 0.50625 0.06875 0.03125
116 0.528125 0.4828125 0.0796875 0.0625
54 0.52890625 0.3984375 0.0828125 0.0671875
147 0.540625 0.3296875 0.06875 0.0640625
106 0.546875 0.26328125 0.05625 0.0453125
115 0.5484375 0.1890625 0.0484375 0.05625
66 0.4 0.90546875 0.04375 0.0484375
70 0.3953125 0.8296875 0.053125 0.065625
124 0.38515625 0.74453125 0.084375 0.0671875
103 0.38515625 0.65859375 0.08125 0.0578125
78 0.3859375 0.58046875 0.0859375 0.0546875
6 0.546875 0.58046875 0.071875 0.0671875
99 0.54140625 0.6625 0.090625 0.0546875
120 0.546875 0.73984375 0.08125 0.0484375
67 0.55078125 0.8203125 0.06875 0.053125
8 0.55546875 0.90703125 0.053125 0.05
14 0.70859375 0.9015625 0.0515625 0.059375
76 0.68984375 0.81796875 0.0828125 0.0453125
118 0.70546875 0.71171875 0.05 0.046875
104 0.69453125 0.628125 0.0765625 0.04375
17 0.7125 0.54453125 0.0375 0.04375
17 0.709375 0.46484375 0.05 0.05
122 0.696875 0.38671875 0.0703125 0.0328125
22 0.70234375 0.29921875 0.0546875 0.0453125
158 0.6984375 0.215625 0.0421875 0.0515625
110 0.84140625 0.1890625 0.065625 0.0375
64 0.8484375 0.2453125 0.0671875 0.0421875
141 0.853125 0.30234375 0.0546875 0.0546875
138 0.84296875 0.4125 0.0578125 0.065625
137 0.84609375 0.5171875 0.0625 0.053125
112 0.8546875 0.6265625 0.065625 0.04375
113 0.8515625 0.70546875 0.0625 0.028125
101 0.84609375 0.76015625 0.078125 0.0296875
34 0.86484375 0.84296875 0.0453125 0.0546875
34 0.859375 0.91171875 0.034375 0.05625