63 0.225 0.76875 0.021875 0.0171875
123 0.26484375 0.77421875 0.0265625 0.0296875
63 0.3046875 0.77265625 0.0203125 0.021875
63 0.48046875 0.77578125 0.0125 0.025
63 0.48359375 0.6875 0.0125 0.028125
63 0.478125 0.465625 0.01875 0.0234375
63 0.19921875 0.5203125 0.0125 0.01875
63 0.0828125 0.52734375 0.021875 0.025
63 0.06171875 0.5484375 0.01875 0.01875
63 0.07578125 0.63828125 0.01875 0.0328125
63 0.11875 0.28828125 0.01875 0.021875
63 0.2140625 0.2125 0.021875 0.0171875
63 0.32578125 0.3015625 0.0203125 0.01875
63 0.403125 0.3015625 0.015625 0.01875
63 0.4125 0.2171875 0.021875 0.028125
63 0.5359375 0.30859375 0.021875 0.021875
63 0.54375 0.284375 0.0203125 0.025
63 0.64453125 0.2984375 0.0203125 0.021875
63 0.64140625 0.31953125 0.021875 0.025
63 0.68984375 0.0859375 0.0171875 0.01875
63 0.7703125 0.08359375 0.0234375 0.01875
63 0.86328125 0.384375 0.021875 0.0234375
63 0.78125 0.38125 0.0375 0.021875
63 0.63046875 0.4359375 0.028125 0.01875
63 0.5703125 0.41640625 0.0203125 0.0203125
63 0.5265625 0.415625 0.021875 0.0171875
113 0.55703125 0.79921875 0.0390625 0.053125
113 0.59765625 0.825 0.03125 0.053125
63 0.6328125 0.69296875 0.015625 0.021875
69 0.72109375 0.73828125 0.021875 0.0234375
110 0.68984375 0.73359375 0.01875 0.025
63 0.5546875 0.67109375 0.015625 0.034375
69 0.5203125 0.73359375 0.021875 0.0359375
110 0.74453125 0.38125 0.021875 0.034375
123 0.8203125 0.38671875 0.0234375 0.025
69 0.81875 0.35078125 0.021875 0.0359375
63 0.71171875 0.35625 0.015625 0.0265625
21 0.6734375 0.31171875 0.03125 0.05625
21 0.57109375 0.30234375 0.0375 0.0546875
63 0.59140625 0.353125 0.015625 0.028125
69 0.353125 0.26875 0.025 0.025
113 0.18203125 0.28359375 0.0328125 0.053125
113 0.2109375 0.3125 0.034375 0.0515625
69 0.26171875 0.7359375 0.025 0.028125
110 0.37578125 0.7328125 0.01875 0.025
123 0.48046875 0.7296875 0.025 0.0328125