63 0.0875 0.665625 0.0421875 0.025
63 0.08828125 0.58515625 0.0359375 0.0328125
63 0.36484375 0.66484375 0.025 0.034375
63 0.56171875 0.55546875 0.046875 0.0265625
63 0.27734375 0.43203125 0.0296875 0.034375
63 0.159375 0.43203125 0.028125 0.040625
63 0.18359375 0.35 0.025 0.0359375
63 0.27578125 0.3515625 0.0265625 0.034375
63 0.4109375 0.35 0.0234375 0.0359375
63 0.54375 0.353125 0.028125 0.034375
63 0.36796875 0.203125 0.0375 0.0234375
106 0.30625 0.1828125 0.046875 0.04375
106 0.2421875 0.18046875 0.034375 0.0390625
106 0.16484375 0.1828125 0.04375 0.040625
106 0.07890625 0.18203125 0.0390625 0.0359375
63 0.60546875 0.23125 0.0328125 0.028125
63 0.60546875 0.20859375 0.0359375 0.0171875
63 0.60546875 0.18671875 0.0375 0.0203125
63 0.60625 0.1625 0.0390625 0.025
63 0.60625 0.140625 0.0328125 0.0234375
63 0.77890625 0.3578125 0.0390625 0.028125
63 0.76796875 0.4625 0.0265625 0.040625
63 0.7640625 0.559375 0.0296875 0.0375
63 0.6421875 0.584375 0.025 0.0421875
63 0.7734375 0.72734375 0.040625 0.021875
63 0.371875 0.97578125 0.0375 0.0375