124 0.3796875 0.85703125 0.0703125 0.103125
63 0.30859375 0.76796875 0.0328125 0.06875
63 0.28359375 0.83828125 0.04375 0.0390625
63 0.4671875 0.83984375 0.0484375 0.04375
63 0.16640625 0.57265625 0.0359375 0.1015625
63 0.515625 0.45078125 0.0328125 0.075
63 0.56640625 0.09140625 0.04375 0.078125
63 0.68671875 0.0765625 0.0375 0.0859375
63 0.82890625 0.1875 0.0328125 0.09375
63 0.8953125 0.2484375 0.0640625 0.1046875
21 0.490625 0.2390625 0.134375 0.2109375
110 0.1625 0.7828125 0.059375 0.0609375
110 0.16171875 0.3984375 0.05 0.0921875