118 0.75546875 0.953125 0.0609375 0.025
21 0.6953125 0.94765625 0.05625 0.0328125
110 0.70703125 0.90546875 0.0609375 0.0203125
123 0.709375 0.86953125 0.046875 0.0265625
123 0.5359375 0.7484375 0.0421875 0.028125
123 0.55390625 0.27734375 0.0515625 0.028125
123 0.7609375 0.165625 0.05 0.028125
123 0.609375 0.0421875 0.0546875 0.034375
21 0.58515625 0.140625 0.05 0.0359375
21 0.8609375 0.3828125 0.0484375 0.040625
17 0.79375 0.3453125 0.046875 0.028125
17 0.79375 0.28671875 0.0515625 0.0203125
65 0.38203125 0.92734375 0.1765625 0.103125
123 0.19453125 0.57734375 0.0578125 0.03125
69 0.1546875 0.46953125 0.0453125 0.028125
69 0.3625 0.46171875 0.05 0.0234375
69 0.14765625 0.3078125 0.05 0.0296875