69 0.38046875 0.065625 0.0375 0.03125
69 0.3453125 0.29296875 0.046875 0.025
69 0.4515625 0.80078125 0.034375 0.0296875
69 0.43359375 0.66640625 0.0375 0.028125
69 0.5171875 0.84296875 0.0375 0.028125
69 0.5421875 0.96953125 0.04375 0.025
69 0.8203125 0.2796875 0.03125 0.0375
69 0.92890625 0.16953125 0.053125 0.0375
21 0.825 0.33203125 0.071875 0.05625
21 0.578125 0.71953125 0.065625 0.04375
21 0.328125 0.1671875 0.0671875 0.065625
21 0.38984375 0.41875 0.0625 0.0609375
157 0.2390625 0.36796875 0.04375 0.0375
157 0.23203125 0.4328125 0.046875 0.0421875
157 0.6 0.66875 0.0484375 0.028125
157 0.5453125 0.6203125 0.040625 0.0390625