63 0.73359375 0.440625 0.0328125 0.028125
69 0.68203125 0.4390625 0.040625 0.0375
66 0.621875 0.4375 0.034375 0.028125
123 0.5671875 0.440625 0.040625 0.021875
12 0.51640625 0.43828125 0.034375 0.028125
106 0.45390625 0.41171875 0.034375 0.0265625
106 0.45078125 0.475 0.028125 0.025
17 0.39609375 0.440625 0.0375 0.03125
14 0.340625 0.440625 0.025 0.025
14 0.28671875 0.43984375 0.028125 0.021875
27 0.2265625 0.43984375 0.0421875 0.028125
48 0.1578125 0.43984375 0.0453125 0.03125
15 0.071875 0.440625 0.065625 0.0171875
141 0.07265625 0.72265625 0.05625 0.046875
110 0.13359375 0.72890625 0.034375 0.021875
64 0.1921875 0.72890625 0.05625 0.025
4 0.24609375 0.728125 0.0375 0.021875
1 0.30390625 0.6953125 0.04375 0.021875
1 0.30078125 0.75546875 0.034375 0.025
54 0.365625 0.7296875 0.053125 0.028125
102 0.42734375 0.7265625 0.053125 0.021875
77 0.4875 0.728125 0.0625 0.03125
157 0.5546875 0.728125 0.05 0.025
126 0.62265625 0.72734375 0.05 0.028125
7 0.68125 0.70234375 0.040625 0.021875
7 0.68203125 0.753125 0.034375 0.021875
22 0.73828125 0.6953125 0.0328125 0.028125
22 0.7375 0.75703125 0.034375 0.028125