21 0.05703125 0.05390625 0.1140625 0.1015625
139 0.06484375 0.1703125 0.1 0.09375
139 0.06328125 0.28359375 0.090625 0.1171875
20 0.06328125 0.39140625 0.084375 0.1015625
21 0.05625 0.496875 0.1046875 0.109375
142 0.05703125 0.609375 0.1140625 0.0984375
21 0.22421875 0.94453125 0.11875 0.0859375
21 0.2140625 0.84140625 0.1 0.071875
21 0.3890625 0.27421875 0.1 0.0796875
21 0.3875 0.15859375 0.128125 0.1
21 0.3890625 0.053125 0.125 0.08125
47 0.7265625 0.834375 0.1375 0.1
47 0.7125 0.94765625 0.090625 0.09375
47 0.89140625 0.0546875 0.090625 0.078125
164 0.8890625 0.27734375 0.13125 0.103125
65 0.5578125 0.50546875 0.1203125 0.0984375