63 0.2609375 0.12109375 0.04375 0.0421875
69 0.25546875 0.1921875 0.046875 0.053125
123 0.25078125 0.26484375 0.065625 0.0390625
102 0.24609375 0.33359375 0.071875 0.0375
77 0.24453125 0.40859375 0.06875 0.04375
146 0.24609375 0.48828125 0.078125 0.034375
13 0.24921875 0.56328125 0.0578125 0.04375
66 0.0953125 0.64921875 0.0375 0.0515625
70 0.09296875 0.765625 0.053125 0.05
12 0.24921875 0.73515625 0.078125 0.0625
134 0.25 0.6546875 0.071875 0.04375
43 0.2890625 0.8578125 0.053125 0.046875
46 0.38046875 0.859375 0.059375 0.04375
153 0.39609375 0.7734375 0.084375 0.03125
82 0.3953125 0.73125 0.075 0.040625
156 0.3984375 0.65859375 0.065625 0.05
81 0.40703125 0.575 0.071875 0.046875
15 0.409375 0.51640625 0.059375 0.0421875
15 0.40546875 0.48203125 0.065625 0.025
116 0.5328125 0.503125 0.08125 0.046875
54 0.53359375 0.57734375 0.06875 0.053125
147 0.5546875 0.6375 0.05 0.040625
106 0.5546875 0.696875 0.0375 0.040625
115 0.5546875 0.76484375 0.04375 0.0453125
66 0.41015625 0.12109375 0.040625 0.0375
70 0.4046875 0.19140625 0.059375 0.040625
124 0.4 0.265625 0.059375 0.0375
103 0.38984375 0.3390625 0.0703125 0.0375
78 0.3921875 0.41640625 0.0875 0.040625
8 0.56171875 0.1171875 0.046875 0.04375
67 0.55234375 0.19609375 0.065625 0.040625
120 0.5484375 0.26796875 0.065625 0.0375
99 0.54453125 0.34140625 0.09375 0.0375
6 0.55390625 0.41171875 0.053125 0.05625
14 0.71484375 0.1265625 0.0375 0.0375
76 0.696875 0.20390625 0.08125 0.04375
118 0.7140625 0.2921875 0.040625 0.0375
104 0.69765625 0.37109375 0.078125 0.0328125
17 0.7203125 0.44375 0.0453125 0.0375
17 0.721875 0.5171875 0.0375 0.040625
122 0.70390625 0.58671875 0.065625 0.0390625
22 0.709375 0.66484375 0.046875 0.0484375
158 0.7046875 0.7390625 0.05625 0.0390625
110 0.85078125 0.7671875 0.05625 0.034375
64 0.85078125 0.7140625 0.059375 0.0328125
141 0.85703125 0.6625 0.05625 0.0453125
138 0.85 0.56328125 0.04375 0.0484375
137 0.85234375 0.46640625 0.053125 0.053125
112 0.86015625 0.37421875 0.065625 0.040625
113 0.8578125 0.303125 0.065625 0.0375
101 0.8453125 0.2515625 0.08125 0.034375
34 0.865625 0.1765625 0.03125 0.0359375
34 0.86875 0.121875 0.034375 0.0421875