21 0.94296875 0.94609375 0.1140625 0.1015625
139 0.93515625 0.8296875 0.1 0.0953125
139 0.93671875 0.71640625 0.090625 0.1171875
20 0.93671875 0.60859375 0.0859375 0.1015625
21 0.94375 0.503125 0.1046875 0.109375
142 0.94296875 0.390625 0.1140625 0.0984375
21 0.77578125 0.05546875 0.11875 0.0859375
21 0.7859375 0.15859375 0.1 0.0734375
21 0.6109375 0.72578125 0.1 0.0796875
21 0.6125 0.84140625 0.128125 0.1
21 0.6109375 0.946875 0.125 0.08125
47 0.2734375 0.165625 0.1375 0.1
47 0.2875 0.05234375 0.090625 0.09375
47 0.10859375 0.9453125 0.090625 0.078125
164 0.1109375 0.72265625 0.13125 0.103125
65 0.4421875 0.49453125 0.1203125 0.0984375