69 0.8734375 0.93203125 0.0703125 0.075
63 0.865625 0.79609375 0.0546875 0.0765625
70 0.87421875 0.653125 0.0828125 0.0859375
66 0.8625 0.50546875 0.0578125 0.0734375
106 0.87578125 0.3578125 0.0765625 0.0671875
123 0.86875 0.22265625 0.065625 0.0765625
12 0.87265625 0.075 0.090625 0.0734375
67 0.634375 0.08046875 0.0984375 0.065625
48 0.628125 0.2203125 0.0671875 0.075
48 0.625 0.3640625 0.059375 0.0828125
17 0.63203125 0.5 0.0703125 0.084375
22 0.63515625 0.64609375 0.0703125 0.078125
22 0.62890625 0.78515625 0.0703125 0.0703125
27 0.6296875 0.93046875 0.065625 0.0578125
140 0.38828125 0.934375 0.0953125 0.059375
8 0.38984375 0.78984375 0.078125 0.0625
14 0.39609375 0.64765625 0.0546875 0.078125
14 0.39609375 0.51015625 0.0546875 0.0640625
157 0.4015625 0.3625 0.1015625 0.065625
77 0.39453125 0.2203125 0.1109375 0.0734375
102 0.40234375 0.0765625 0.103125 0.075
15 0.15234375 0.0765625 0.1328125 0.0515625