69 0.06796875 0.1265625 0.075 0.06875
63 0.20390625 0.134375 0.0765625 0.0546875
70 0.346875 0.12578125 0.0875 0.0828125
66 0.49453125 0.1375 0.0734375 0.0578125
106 0.6421875 0.12421875 0.0671875 0.075
123 0.77734375 0.13125 0.0765625 0.065625
12 0.925 0.12734375 0.071875 0.090625
67 0.91953125 0.365625 0.065625 0.0984375
48 0.7796875 0.371875 0.075 0.065625
48 0.6359375 0.375 0.0828125 0.059375
17 0.5 0.36796875 0.084375 0.071875
22 0.35390625 0.36484375 0.078125 0.0703125
22 0.21484375 0.37109375 0.0703125 0.0703125
27 0.06953125 0.3703125 0.0578125 0.065625
140 0.065625 0.61171875 0.059375 0.09375
8 0.21015625 0.61015625 0.0625 0.078125
14 0.35234375 0.60390625 0.078125 0.0546875
14 0.48984375 0.60390625 0.0625 0.053125
157 0.6375 0.5984375 0.065625 0.1015625
77 0.7796875 0.60546875 0.071875 0.1109375
102 0.9234375 0.59765625 0.075 0.103125
15 0.9234375 0.84765625 0.05 0.1328125