63 0.96171875 0.02734375 0.0421875 0.0375
1 0.90234375 0.02734375 0.0609375 0.040625
4 0.82734375 0.02578125 0.0625 0.04375
69 0.7515625 0.02578125 0.0578125 0.0421875
140 0.54296875 0.028125 0.065625 0.0375
140 0.4671875 0.02890625 0.065625 0.0390625
8 0.2609375 0.02421875 0.046875 0.0296875
7 0.190625 0.025 0.0609375 0.034375
69 0.1234375 0.0296875 0.0578125 0.040625
106 0.1671875 0.18203125 0.0609375 0.0375
106 0.10703125 0.17890625 0.046875 0.040625
106 0.23125 0.18203125 0.0546875 0.0359375
25 0.29453125 0.1796875 0.0546875 0.0390625
63 0.35078125 0.1796875 0.0359375 0.0359375
66 0.409375 0.18125 0.0421875 0.0375
63 0.5953125 0.1796875 0.0421875 0.0359375
48 0.65546875 0.18046875 0.046875 0.046875
22 0.90078125 0.18046875 0.0515625 0.0390625
34 0.9640625 0.33515625 0.05625 0.04375
106 0.7875 0.33671875 0.046875 0.0421875
106 0.66953125 0.33984375 0.0515625 0.04375
14 0.60078125 0.33671875 0.04375 0.0375
14 0.540625 0.34140625 0.04375 0.0390625
126 0.43515625 0.3375 0.059375 0.0375
106 0.15390625 0.509375 0.053125 0.040625
1 0.42265625 0.509375 0.046875 0.0421875
2 0.48515625 0.5125 0.053125 0.0421875
0 0.54921875 0.5125 0.0515625 0.0421875
14 0.96015625 0.51171875 0.028125 0.040625