21 0.4765625 0.1640625 0.0421875 0.059375
21 0.64765625 0.43046875 0.0390625 0.0515625
63 0.51875 0.2203125 0.021875 0.0421875
63 0.5390625 0.20703125 0.0234375 0.0609375
123 0.659375 0.28125 0.0265625 0.0421875
123 0.759375 0.40625 0.0234375 0.05
123 0.621875 0.48671875 0.0265625 0.053125
123 0.290625 0.73984375 0.03125 0.0484375
123 0.403125 0.92734375 0.0234375 0.0484375
123 0.41875 0.8578125 0.03125 0.0515625
123 0.65390625 0.7828125 0.03125 0.04375
14 0.55703125 0.56328125 0.03125 0.0359375
14 0.56015625 0.63515625 0.0203125 0.0265625
63 0.15546875 0.7234375 0.028125 0.05
110 0.228125 0.7453125 0.01875 0.034375
21 0.18359375 0.76171875 0.0375 0.0609375
21 0.4421875 0.94921875 0.0359375 0.0546875
21 0.78984375 0.75859375 0.0328125 0.0609375
22 0.821875 0.74765625 0.01875 0.03125
14 0.5609375 0.71015625 0.0296875 0.03125
112 0.96171875 0.5125 0.0390625 0.0546875