118 0.04453125 0.721875 0.028125 0.0671875
110 0.09296875 0.65625 0.025 0.0640625
123 0.1265625 0.6703125 0.021875 0.05625
123 0.2515625 0.4578125 0.03125 0.0546875
123 0.4171875 0.06875 0.021875 0.059375
123 0.721875 0.4828125 0.0421875 0.0875
123 0.83515625 0.71953125 0.0359375 0.071875
123 0.9546875 0.55546875 0.028125 0.06875
21 0.85703125 0.515625 0.040625 0.075
21 0.046875 0.646875 0.0375 0.065625
65 0.07109375 0.29609375 0.09375 0.246875
69 0.5359375 0.25703125 0.028125 0.05625
21 0.61484375 0.840625 0.034375 0.06875
17 0.64765625 0.76484375 0.021875 0.06875
17 0.71015625 0.76953125 0.025 0.0875
69 0.52578125 0.0296875 0.03125 0.059375