69 0.93359375 0.87734375 0.065625 0.0765625
63 0.79140625 0.8671875 0.071875 0.059375
70 0.6515625 0.875 0.078125 0.071875
66 0.5125 0.87109375 0.071875 0.0546875
106 0.3609375 0.87109375 0.084375 0.065625
123 0.21953125 0.87734375 0.0734375 0.0796875
12 0.07734375 0.87890625 0.06875 0.0859375
27 0.93671875 0.63359375 0.065625 0.06875
22 0.79140625 0.63515625 0.071875 0.071875
22 0.65390625 0.63984375 0.0796875 0.0609375
17 0.4984375 0.6375 0.0796875 0.084375
48 0.36484375 0.62578125 0.075 0.0765625
53 0.225 0.62734375 0.08125 0.06875
67 0.08125 0.63359375 0.0703125 0.0859375
140 0.93671875 0.3953125 0.059375 0.090625
8 0.7984375 0.39453125 0.0609375 0.0796875
14 0.64453125 0.4 0.0796875 0.065625
14 0.5109375 0.39921875 0.0609375 0.0578125
157 0.3671875 0.39609375 0.06875 0.1046875
77 0.2265625 0.39921875 0.0703125 0.1078125
102 0.08125 0.4015625 0.0609375 0.096875
126 0.93984375 0.15546875 0.071875 0.096875
54 0.79609375 0.1640625 0.071875 0.1125
106 0.65390625 0.15234375 0.0625 0.0625
1 0.49921875 0.153125 0.08125 0.0765625
4 0.3671875 0.16171875 0.078125 0.084375
64 0.2203125 0.16015625 0.06875 0.128125
15 0.07578125 0.1578125 0.0703125 0.1390625