69 0.06640625 0.12265625 0.0921875 0.1125
63 0.21015625 0.13359375 0.059375 0.0453125
70 0.3484375 0.115625 0.0625 0.075
66 0.49296875 0.12890625 0.06875 0.05
106 0.63125 0.12109375 0.0765625 0.053125
123 0.78125 0.121875 0.06875 0.0671875
12 0.9171875 0.12421875 0.0796875 0.0921875
67 0.92265625 0.35546875 0.0578125 0.090625
53 0.78125 0.36953125 0.06875 0.06875
48 0.63359375 0.3734375 0.0671875 0.0546875
17 0.48984375 0.3671875 0.0984375 0.0671875
22 0.2109375 0.35859375 0.0703125 0.0625
22 0.34609375 0.359375 0.0671875 0.065625
27 0.0609375 0.36328125 0.0671875 0.06875
140 0.0625 0.6046875 0.0609375 0.084375
8 0.20859375 0.6125 0.06875 0.0875
14 0.3484375 0.6078125 0.06875 0.04375
14 0.49140625 0.603125 0.0859375 0.0765625
157 0.63515625 0.6078125 0.0703125 0.1203125
77 0.7765625 0.6 0.078125 0.10625
102 0.925 0.603125 0.0671875 0.10625
15 0.92421875 0.8421875 0.0546875 0.115625
64 0.7734375 0.84375 0.0828125 0.1296875
4 0.63515625 0.84453125 0.075 0.078125
1 0.4890625 0.8421875 0.0578125 0.06875
106 0.34765625 0.8453125 0.08125 0.0765625
54 0.20703125 0.83828125 0.0796875 0.1109375
126 0.0640625 0.84921875 0.0703125 0.103125