63 0.07890625 0.734375 0.04375 0.0390625
69 0.1578125 0.740625 0.0484375 0.0546875
123 0.23828125 0.74453125 0.059375 0.059375
102 0.32109375 0.75234375 0.046875 0.0828125
77 0.40390625 0.7484375 0.04375 0.0671875
146 0.48984375 0.74921875 0.0453125 0.075
13 0.578125 0.74296875 0.0484375 0.0625
134 0.6734375 0.74453125 0.0671875 0.0671875
12 0.7703125 0.740625 0.0796875 0.075
66 0.671875 0.89765625 0.0546875 0.040625
66 0.0796875 0.58671875 0.0390625 0.04375
70 0.16015625 0.5890625 0.0421875 0.0453125
70 0.8015625 0.903125 0.0640625 0.05625
124 0.24609375 0.59296875 0.0421875 0.053125
103 0.32578125 0.6015625 0.0484375 0.075
78 0.409375 0.60078125 0.0390625 0.0765625
43 0.9046875 0.7046875 0.053125 0.0609375
46 0.90625 0.6125 0.046875 0.059375
8 0.084375 0.43125 0.040625 0.0515625
67 0.16328125 0.43828125 0.053125 0.0625
120 0.24453125 0.43984375 0.05 0.0796875
99 0.32265625 0.45234375 0.046875 0.078125
6 0.40703125 0.43671875 0.0578125 0.05625
15 0.48359375 0.5890625 0.025 0.046875
15 0.5265625 0.584375 0.0515625 0.065625
81 0.59140625 0.58515625 0.0578125 0.0765625
156 0.68203125 0.596875 0.08125 0.0765625
82 0.76171875 0.603125 0.053125 0.084375
153 0.809375 0.60390625 0.046875 0.090625
116 0.50703125 0.45703125 0.0578125 0.0796875
54 0.5890625 0.4578125 0.0578125 0.078125
147 0.65625 0.4453125 0.0484375 0.0578125
106 0.7265625 0.4390625 0.0421875 0.0453125
115 0.8015625 0.4375 0.046875 0.046875
14 0.0859375 0.2796875 0.0421875 0.04375
76 0.1734375 0.29609375 0.040625 0.0828125
118 0.27578125 0.27890625 0.046875 0.0421875
104 0.3609375 0.29609375 0.0390625 0.078125
17 0.4453125 0.27421875 0.040625 0.0375
17 0.5203125 0.27578125 0.053125 0.040625
122 0.60078125 0.28984375 0.0578125 0.0703125
22 0.6875 0.28515625 0.0484375 0.040625
158 0.77421875 0.28671875 0.0546875 0.0515625
34 0.084375 0.121875 0.0421875 0.0390625
34 0.14140625 0.12421875 0.0375 0.025
101 0.2265625 0.14609375 0.040625 0.0859375
113 0.2890625 0.13515625 0.04375 0.071875
112 0.36640625 0.13125 0.0484375 0.065625
137 0.46484375 0.13828125 0.075 0.0484375
138 0.575 0.14140625 0.065625 0.05
141 0.6859375 0.13359375 0.0484375 0.053125
64 0.74609375 0.14296875 0.0328125 0.065625
110 0.8 0.1453125 0.0390625 0.0484375
155 0.9046875 0.171875 0.0625 0.0375
172 0.9078125 0.26484375 0.0515625 0.0390625
163 0.90546875 0.36171875 0.04375 0.040625
48 0.909375 0.45390625 0.0546875 0.0390625