63 0.20859375 0.07265625 0.078125 0.1046875
14 0.2078125 0.2140625 0.0796875 0.1078125
17 0.20703125 0.359375 0.084375 0.10625
118 0.2109375 0.5015625 0.0921875 0.1
106 0.203125 0.9265625 0.0953125 0.0921875
66 0.35703125 0.9234375 0.0875 0.096875
118 0.3609375 0.5015625 0.0859375 0.1125
1 0.35 0.075 0.1 0.1015625
0 0.3484375 0.21953125 0.09375 0.0796875
3 0.5109375 0.21640625 0.1171875 0.1234375
4 0.5140625 0.07421875 0.1140625 0.1078125
106 0.51875 0.92734375 0.0828125 0.1171875
8 0.67421875 0.19765625 0.0875 0.084375
69 0.88203125 0.07421875 0.0953125 0.096875
123 0.87421875 0.21796875 0.10625 0.115625
54 0.8625 0.3578125 0.1234375 0.1140625