63 0.79140625 0.07265625 0.078125 0.1046875
14 0.7921875 0.2140625 0.0796875 0.10625
17 0.79296875 0.359375 0.084375 0.10625
118 0.7890625 0.5015625 0.0921875 0.1
106 0.796875 0.9265625 0.09375 0.090625
66 0.64296875 0.9234375 0.0875 0.096875
118 0.6390625 0.5015625 0.0875 0.1125
1 0.65 0.075 0.1 0.1015625
0 0.6515625 0.21953125 0.09375 0.0796875
3 0.4890625 0.21640625 0.11875 0.121875
4 0.4859375 0.07421875 0.1125 0.10625
106 0.48125 0.92734375 0.08125 0.115625
8 0.32578125 0.19765625 0.0875 0.084375
69 0.11796875 0.07421875 0.09375 0.096875
123 0.12578125 0.21796875 0.10625 0.115625
54 0.1375 0.3578125 0.1234375 0.1140625