63 0.59765625 0.79921875 0.0375 0.025
69 0.59765625 0.74453125 0.0546875 0.034375
66 0.60078125 0.684375 0.04375 0.03125
123 0.59921875 0.63125 0.05 0.040625
12 0.60078125 0.575 0.05 0.0328125
106 0.64375 0.5140625 0.046875 0.03125
106 0.5421875 0.5125 0.040625 0.0328125
17 0.6015625 0.45546875 0.05 0.0328125
14 0.5984375 0.396875 0.04375 0.0296875
14 0.59765625 0.34140625 0.0375 0.03125
27 0.6015625 0.284375 0.0453125 0.03125
48 0.59765625 0.20703125 0.0453125 0.046875
15 0.59921875 0.1203125 0.0390625 0.0625
141 0.13046875 0.1203125 0.078125 0.059375
110 0.12578125 0.184375 0.05625 0.0453125
64 0.12890625 0.24765625 0.04375 0.059375
4 0.12890625 0.30390625 0.0296875 0.04375
1 0.1859375 0.3609375 0.0375 0.04375
1 0.08046875 0.36015625 0.040625 0.0359375
54 0.12890625 0.4203125 0.046875 0.0515625
102 0.12890625 0.484375 0.04375 0.0578125
77 0.12578125 0.5484375 0.0421875 0.0453125
157 0.13046875 0.61796875 0.040625 0.0578125
126 0.12734375 0.6828125 0.05 0.0484375
7 0.17265625 0.73984375 0.04375 0.0484375
7 0.0828125 0.74453125 0.0375 0.0328125
22 0.178125 0.8 0.05 0.03125
22 0.0734375 0.80234375 0.05 0.0375