22 0.8265625 0.725 0.0328125 0.03125
14 0.93671875 0.725 0.0296875 0.05
14 0.93828125 0.6078125 0.015625 0.0515625
22 0.82578125 0.40234375 0.0375 0.04375
22 0.6609375 0.37421875 0.03125 0.04375
22 0.57734375 0.31171875 0.0265625 0.0390625
22 0.5015625 0.0515625 0.0375 0.04375
22 0.3140625 0.703125 0.0265625 0.0296875
22 0.4375 0.8875 0.040625 0.04375
123 0.74375 0.73125 0.0296875 0.075
123 0.74375 0.415625 0.03125 0.065625
126 0.98203125 0.17265625 0.0328125 0.0859375
126 0.9796875 0.0703125 0.025 0.0796875
14 0.72109375 0.08046875 0.0375 0.04375
134 0.63828125 0.096875 0.0359375 0.0890625
126 0.6609375 0.54765625 0.0390625 0.0875
14 0.6125 0.53671875 0.0296875 0.04375
63 0.59765625 0.66875 0.028125 0.04375
69 0.67578125 0.871875 0.0328125 0.059375
14 0.5015625 0.62265625 0.0359375 0.046875
63 0.46953125 0.4453125 0.0203125 0.059375
63 0.18125 0.303125 0.028125 0.0359375
63 0.12890625 0.66484375 0.0328125 0.034375
21 0.36796875 0.8515625 0.059375 0.09375
21 0.375 0.70625 0.0625 0.09375
21 0.51328125 0.30390625 0.0515625 0.084375
21 0.703125 0.371875 0.05 0.096875
21 0.71015625 0.6859375 0.046875 0.0953125