38 0.4234375 0.70625 0.0921875 0.09375
166 0.41953125 0.58828125 0.103125 0.1078125
98 0.4203125 0.4734375 0.0921875 0.1109375
164 0.42421875 0.36328125 0.078125 0.1
47 0.4234375 0.27578125 0.046875 0.0578125
21 0.38984375 0.21328125 0.0390625 0.05
21 0.4546875 0.21640625 0.05 0.075
21 0.4546875 0.15625 0.0578125 0.065625
21 0.3921875 0.15625 0.046875 0.065625
65 0.4140625 0.0765625 0.084375 0.10625
170 0.69375 0.115625 0.0734375 0.16875
170 0.76328125 0.11796875 0.08125 0.1765625
168 0.728125 0.259375 0.1234375 0.08125
159 0.72578125 0.36953125 0.0484375 0.10625
151 0.72890625 0.4625 0.146875 0.0640625
151 0.7234375 0.53125 0.075 0.0953125
18 0.7234375 0.6171875 0.1125 0.065625
73 0.71953125 0.70703125 0.1109375 0.0953125