38 0.70625 0.5765625 0.09375 0.090625
166 0.58828125 0.58046875 0.1078125 0.103125
98 0.4734375 0.5796875 0.1109375 0.090625
164 0.36328125 0.57578125 0.1 0.078125
47 0.27578125 0.5765625 0.05625 0.046875
21 0.21328125 0.61015625 0.05 0.0390625
21 0.21640625 0.5453125 0.075 0.05
21 0.15625 0.5453125 0.065625 0.05625
21 0.15625 0.6078125 0.065625 0.046875
65 0.0765625 0.5859375 0.10625 0.084375
170 0.115625 0.30625 0.16875 0.0734375
170 0.11796875 0.23671875 0.178125 0.08125
168 0.259375 0.271875 0.08125 0.1234375
159 0.36953125 0.27421875 0.10625 0.0484375
151 0.4625 0.27109375 0.0625 0.146875
151 0.53125 0.2765625 0.0953125 0.075
18 0.6171875 0.2765625 0.065625 0.1125
73 0.70703125 0.28046875 0.0953125 0.1109375