123 0.25859375 0.06171875 0.0359375 0.0375
123 0.475 0.240625 0.05 0.03125
123 0.7578125 0.32578125 0.04375 0.0234375
123 0.41484375 0.62109375 0.053125 0.0359375
123 0.3609375 0.83984375 0.0546875 0.0296875
123 0.2140625 0.721875 0.0484375 0.0453125
17 0.1734375 0.60625 0.0734375 0.025
17 0.1828125 0.5484375 0.0609375 0.021875
21 0.1109375 0.515625 0.059375 0.0453125
69 0.6 0.440625 0.0515625 0.0296875
69 0.7890625 0.4296875 0.0421875 0.0265625
21 0.38203125 0.74453125 0.0546875 0.0296875
63 0.68125 0.5296875 0.0421875 0.0234375
69 0.80078125 0.58828125 0.05 0.0234375
63 0.93515625 0.53125 0.04375 0.0125
66 0.909375 0.6078125 0.0328125 0.025
65 0.5625 0.06171875 0.18125 0.0875