123 0.93828125 0.74140625 0.0375 0.0359375
123 0.759375 0.525 0.03125 0.05
123 0.67421875 0.2421875 0.0234375 0.04375
123 0.37890625 0.58515625 0.0359375 0.053125
123 0.16015625 0.6390625 0.0296875 0.0546875
123 0.278125 0.7859375 0.0453125 0.0484375
17 0.39375 0.8265625 0.025 0.0734375
17 0.4515625 0.8171875 0.021875 0.0609375
21 0.484375 0.8890625 0.0453125 0.059375
69 0.559375 0.4 0.0296875 0.0515625
69 0.5703125 0.2109375 0.0265625 0.0421875
21 0.25546875 0.61796875 0.0296875 0.0546875
63 0.4703125 0.31875 0.0234375 0.0421875
69 0.41171875 0.19921875 0.0234375 0.05
63 0.46875 0.06484375 0.0125 0.04375
66 0.3921875 0.090625 0.025 0.0328125
65 0.93828125 0.4375 0.0875 0.18125