106 0.67109375 0.93125 0.034375 0.025
106 0.72890625 0.89921875 0.05625 0.0140625
106 0.553125 0.828125 0.053125 0.01875
106 0.11484375 0.93984375 0.05625 0.0140625
106 0.10390625 0.79609375 0.046875 0.01875
106 0.03125 0.79609375 0.0453125 0.0171875
106 0.0703125 0.66640625 0.065625 0.0328125
106 0.46484375 0.696875 0.046875 0.0203125
106 0.465625 0.5828125 0.0515625 0.028125
106 0.75546875 0.73359375 0.040625 0.03125
106 0.68125 0.76796875 0.05625 0.015625
106 0.81796875 0.409375 0.046875 0.0390625
106 0.77890625 0.0640625 0.084375 0.0421875
106 0.49921875 0.06640625 0.0828125 0.0296875