21 0.25390625 0.15 0.0625 0.0375
21 0.07578125 0.4 0.05625 0.03125
21 0.2609375 0.734375 0.065625 0.0375
21 0.57734375 0.59375 0.05625 0.0375
21 0.8359375 0.43125 0.046875 0.034375
63 0.78359375 0.47265625 0.040625 0.01875
63 0.7796875 0.49375 0.053125 0.0140625
123 0.27578125 0.25703125 0.0375 0.028125
123 0.16015625 0.3765625 0.0328125 0.01875
123 0.0921875 0.36484375 0.034375 0.025
123 0.2390625 0.60546875 0.040625 0.034375
123 0.51953125 0.56875 0.05 0.04375
123 0.59765625 0.70390625 0.046875 0.03125
123 0.72109375 0.6125 0.0484375 0.01875
14 0.4453125 0.5125 0.03125 0.0296875
14 0.375 0.51484375 0.03125 0.021875
14 0.3078125 0.5125 0.025 0.0328125
22 0.26796875 0.76640625 0.03125 0.01875
110 0.26171875 0.1921875 0.0390625 0.021875
14 0.078125 0.440625 0.046875 0.028125