63 0.8796875 0.890625 0.053125 0.04375
69 0.884375 0.81640625 0.065625 0.046875
123 0.89140625 0.74375 0.075 0.04375
102 0.9 0.66796875 0.1 0.046875
77 0.89765625 0.5953125 0.0984375 0.046875
146 0.9015625 0.5125 0.09375 0.0375
13 0.8875 0.4296875 0.0859375 0.040625
134 0.8875 0.3375 0.0890625 0.05
12 0.8953125 0.24296875 0.115625 0.0875
43 0.8453125 0.12421875 0.071875 0.071875
46 0.73046875 0.121875 0.078125 0.0734375
66 0.6875 0.890625 0.06875 0.046875
70 0.6921875 0.8125 0.065625 0.05
124 0.7015625 0.74375 0.06875 0.05625
103 0.7109375 0.66015625 0.1015625 0.0515625
78 0.71640625 0.58515625 0.1015625 0.04375
15 0.6921875 0.51796875 0.0828125 0.025
15 0.68828125 0.47734375 0.0859375 0.0453125
81 0.6921875 0.41171875 0.0921875 0.05
156 0.709375 0.33125 0.0890625 0.06875
82 0.70859375 0.2546875 0.11875 0.046875
153 0.71171875 0.21171875 0.1125 0.034375
115 0.50625 0.221875 0.075 0.05625
106 0.4984375 0.290625 0.0546875 0.04375
147 0.509375 0.35390625 0.075 0.04375
54 0.52890625 0.41328125 0.1 0.0375
116 0.534375 0.49609375 0.09375 0.05
6 0.5046875 0.5875 0.0453125 0.0484375
99 0.509375 0.6640625 0.1375 0.05625
120 0.50625 0.7328125 0.103125 0.04375
67 0.49921875 0.81015625 0.0890625 0.046875
8 0.49296875 0.88515625 0.06875 0.040625
14 0.29296875 0.88515625 0.0546875 0.04375
76 0.32421875 0.803125 0.103125 0.0375
118 0.3015625 0.7109375 0.0484375 0.046875
99 0.32578125 0.6296875 0.103125 0.03125
17 0.28828125 0.5515625 0.0453125 0.0453125
17 0.29609375 0.47890625 0.065625 0.071875
122 0.3125 0.40703125 0.09375 0.04375
22 0.2984375 0.3265625 0.053125 0.05
158 0.3109375 0.24609375 0.059375 0.0546875
34 0.10703125 0.88671875 0.06875 0.0421875
34 0.10859375 0.83671875 0.0546875 0.040625
101 0.1296875 0.75390625 0.10625 0.0296875
113 0.11171875 0.69765625 0.084375 0.0296875
112 0.1109375 0.63046875 0.071875 0.0375
137 0.11953125 0.53828125 0.065625 0.078125
138 0.12265625 0.43046875 0.05625 0.059375
141 0.1109375 0.3265625 0.0828125 0.0609375
64 0.1109375 0.2703125 0.078125 0.0234375
110 0.12734375 0.22421875 0.059375 0.0375
48 0.52265625 0.11875 0.0546875 0.065625
163 0.40859375 0.11875 0.065625 0.075
172 0.28359375 0.1234375 0.0546875 0.0734375
155 0.16484375 0.121875 0.053125 0.0984375