63 0.90625 0.09609375 0.04375 0.06875
27 0.91484375 0.24296875 0.059375 0.065625
123 0.91875 0.38671875 0.078125 0.1140625
102 0.92890625 0.54453125 0.1 0.11875
77 0.93125 0.696875 0.096875 0.103125
15 0.9265625 0.82421875 0.084375 0.0625
15 0.91875 0.909375 0.09375 0.0875
106 0.7484375 0.91328125 0.065625 0.0921875
99 0.778125 0.7890625 0.103125 0.0890625
120 0.77265625 0.69296875 0.096875 0.0671875
8 0.77265625 0.5953125 0.0625 0.071875
78 0.7703125 0.49296875 0.09375 0.103125
99 0.771875 0.3609375 0.1 0.065625
124 0.7609375 0.23359375 0.06875 0.06875
66 0.75 0.096875 0.046875 0.0640625
14 0.5875 0.10703125 0.05625 0.0796875
14 0.5859375 0.25703125 0.053125 0.0875
76 0.61875 0.38515625 0.084375 0.08125
118 0.59375 0.57265625 0.05625 0.096875
118 0.59296875 0.70546875 0.0515625 0.096875
104 0.6171875 0.875 0.096875 0.0796875
1 0.47734375 0.87890625 0.075 0.08125
157 0.46953125 0.73203125 0.06875 0.08125
12 0.46484375 0.603125 0.0875 0.10625
134 0.4671875 0.50234375 0.071875 0.09375
122 0.453125 0.35546875 0.084375 0.0796875
17 0.43984375 0.23046875 0.0546875 0.08125
17 0.4359375 0.1109375 0.0546875 0.078125
34 0.28828125 0.1078125 0.05625 0.084375
34 0.28671875 0.21328125 0.040625 0.0609375
101 0.30859375 0.35859375 0.1 0.05625
22 0.30625 0.5359375 0.0484375 0.08125
22 0.303125 0.70859375 0.0546875 0.078125
158 0.30703125 0.86796875 0.08125 0.11875
110 0.14453125 0.890625 0.0640625 0.0734375
64 0.14375 0.7515625 0.0796875 0.05
115 0.1265625 0.61484375 0.053125 0.171875
112 0.11328125 0.3765625 0.084375 0.1
113 0.10703125 0.1875 0.0921875 0.06875
113 0.11484375 0.0734375 0.1 0.059375