63 0.90390625 0.90625 0.06875 0.0453125
27 0.75703125 0.91484375 0.065625 0.059375
123 0.61328125 0.91875 0.115625 0.078125
102 0.45546875 0.92890625 0.11875 0.1015625
77 0.303125 0.93125 0.103125 0.0984375
15 0.17578125 0.9265625 0.0625 0.0859375
15 0.090625 0.91875 0.0875 0.09375
106 0.08671875 0.7484375 0.0921875 0.065625
99 0.2109375 0.778125 0.0890625 0.103125
120 0.30703125 0.77265625 0.0671875 0.0984375
8 0.4046875 0.77265625 0.071875 0.0625
78 0.50703125 0.7703125 0.103125 0.09375
99 0.6390625 0.771875 0.065625 0.1
124 0.76640625 0.7609375 0.06875 0.06875
66 0.903125 0.75 0.0640625 0.0484375
14 0.89296875 0.5875 0.0796875 0.0578125
14 0.74296875 0.5859375 0.0875 0.053125
76 0.61484375 0.61875 0.08125 0.0859375
118 0.42734375 0.59375 0.096875 0.05625
118 0.29453125 0.59296875 0.096875 0.0515625
104 0.125 0.6171875 0.0796875 0.096875
1 0.12109375 0.47734375 0.08125 0.075
157 0.26796875 0.46953125 0.08125 0.0703125
12 0.396875 0.46484375 0.10625 0.0875
134 0.49765625 0.4671875 0.09375 0.0734375
122 0.64453125 0.453125 0.0796875 0.084375
17 0.76953125 0.43984375 0.08125 0.0546875
17 0.8890625 0.4359375 0.078125 0.0546875
34 0.8921875 0.28828125 0.084375 0.0546875
34 0.78671875 0.28671875 0.0609375 0.040625
101 0.64140625 0.30859375 0.0546875 0.1
22 0.4640625 0.30625 0.08125 0.0484375
22 0.29140625 0.303125 0.078125 0.0546875
158 0.13203125 0.30703125 0.11875 0.0828125
110 0.109375 0.14453125 0.0734375 0.0640625
64 0.2484375 0.14375 0.0515625 0.0796875
115 0.38515625 0.1265625 0.171875 0.053125
112 0.6234375 0.11328125 0.1 0.0859375
113 0.8125 0.10703125 0.06875 0.0921875
113 0.9265625 0.11484375 0.059375 0.1