66 0.0625 0.81796875 0.040625 0.053125
63 0.1046875 0.78203125 0.034375 0.04375
63 0.16171875 0.8203125 0.0359375 0.0453125
106 0.20234375 0.778125 0.0375 0.046875
106 0.34921875 0.81796875 0.04375 0.0453125
106 0.38984375 0.775 0.065625 0.046875
106 0.39453125 0.64140625 0.0515625 0.071875
17 0.49921875 0.77890625 0.034375 0.0515625
17 0.4890625 0.64140625 0.046875 0.065625
113 0.81484375 0.8328125 0.096875 0.05625
1 0.0734375 0.2609375 0.0546875 0.034375
4 0.16171875 0.2640625 0.065625 0.05
22 0.34453125 0.2609375 0.05625 0.059375
22 0.403125 0.22109375 0.0546875 0.06875
22 0.3984375 0.08046875 0.0703125 0.0828125
158 0.496875 0.25625 0.0890625 0.065625
8 0.6484375 0.29609375 0.075 0.08125
134 0.90703125 0.26328125 0.096875 0.1171875