87 0.19765625 0.73046875 0.0703125 0.071875
88 0.290625 0.7234375 0.1015625 0.0875
89 0.3796875 0.72421875 0.071875 0.08125
91 0.4546875 0.73125 0.0703125 0.075
93 0.52890625 0.73125 0.05 0.0625
94 0.60390625 0.7296875 0.05625 0.0546875
107 0.6859375 0.72890625 0.08125 0.0921875
108 0.77421875 0.725 0.0875 0.0703125
128 0.5671875 0.3953125 0.0203125 0.028125
129 0.671875 0.4015625 0.090625 0.075
130 0.853125 0.39375 0.0765625 0.0671875
148 0.86640625 0.08203125 0.0671875 0.084375
143 0.71484375 0.08046875 0.040625 0.0515625
135 0.47265625 0.0828125 0.0703125 0.0609375
133 0.36796875 0.08828125 0.075 0.0859375
132 0.27265625 0.0828125 0.059375 0.0671875
131 0.1984375 0.08515625 0.065625 0.065625