87 0.26953125 0.80234375 0.071875 0.0703125
88 0.2765625 0.709375 0.0875 0.1015625
89 0.27578125 0.6203125 0.08125 0.071875
91 0.26875 0.5453125 0.075 0.0703125
93 0.26875 0.47109375 0.0625 0.05
94 0.2703125 0.39609375 0.0546875 0.05625
107 0.27109375 0.3140625 0.0921875 0.08125
108 0.275 0.22578125 0.0703125 0.0875
128 0.6046875 0.4328125 0.028125 0.0203125
129 0.5984375 0.328125 0.075 0.090625
130 0.60625 0.146875 0.0671875 0.0765625
148 0.91796875 0.13359375 0.084375 0.0671875
143 0.91953125 0.28515625 0.0515625 0.040625
135 0.9171875 0.52734375 0.0609375 0.0703125
133 0.91171875 0.63203125 0.0859375 0.075
132 0.9171875 0.72734375 0.0671875 0.059375
131 0.91484375 0.8015625 0.065625 0.065625