10 0.975 0.89375 0.05 0.175
20 0.975 0.63125 0.05 0.2890625
20 0.975 0.37734375 0.05 0.2625
20 0.9765625 0.12265625 0.046875 0.2453125
139 0.890625 0.8796875 0.0546875 0.240625
142 0.89140625 0.63828125 0.05625 0.1359375
142 0.890625 0.3734375 0.05 0.16875
125 0.88671875 0.11796875 0.084375 0.153125
29 0.81171875 0.11796875 0.0296875 0.153125
150 0.81015625 0.378125 0.028125 0.1875
149 0.81015625 0.634375 0.025 0.1546875
111 0.8125 0.89296875 0.0296875 0.171875
125 0.73828125 0.87265625 0.05625 0.253125
41 0.73984375 0.64375 0.05625 0.1
41 0.73984375 0.378125 0.0515625 0.2046875
72 0.73671875 0.109375 0.0484375 0.140625
39 0.66015625 0.1109375 0.0375 0.13125
35 0.65859375 0.3671875 0.0375 0.225
97 0.66875 0.64609375 0.053125 0.165625
152 0.665625 0.89296875 0.053125 0.165625
92 0.59375 0.88671875 0.05625 0.1484375
166 0.5828125 0.6296875 0.03125 0.1875
36 0.5859375 0.36953125 0.0390625 0.275
95 0.5890625 0.10234375 0.04375 0.1484375
37 0.4921875 0.8984375 0.03125 0.1625
160 0.4984375 0.6375 0.05 0.09375
19 0.51328125 0.37265625 0.06875 0.234375
5 0.50390625 0.11015625 0.0546875 0.2203125
16 0.40546875 0.88671875 0.04375 0.1828125
59 0.4203125 0.63515625 0.065625 0.171875
60 0.41796875 0.38984375 0.059375 0.14375
61 0.4203125 0.109375 0.065625 0.153125
165 0.3078125 0.8984375 0.05 0.1109375
177 0.32265625 0.646875 0.08125 0.15
96 0.3109375 0.3875 0.0515625 0.15625
80 0.31171875 0.10859375 0.05625 0.103125
117 0.22578125 0.90390625 0.0625 0.125
79 0.2296875 0.65703125 0.0703125 0.2671875
114 0.2265625 0.36796875 0.0625 0.13125
23 0.22265625 0.1109375 0.053125 0.165625
32 0.1171875 0.1015625 0.053125 0.146875
31 0.13203125 0.38203125 0.084375 0.225
30 0.12890625 0.64375 0.078125 0.23125
62 0.12578125 0.9109375 0.071875 0.178125
109 0.02578125 0.8828125 0.025 0.1375
9 0.0328125 0.628125 0.040625 0.228125