63 0.265625 0.91875 0.0390625 0.034375
69 0.26015625 0.8390625 0.0484375 0.04375
123 0.25625 0.7578125 0.0609375 0.0375
102 0.246875 0.67890625 0.06875 0.0359375
77 0.25234375 0.59453125 0.06875 0.0390625
146 0.24765625 0.5125 0.0734375 0.0484375
13 0.2546875 0.42421875 0.059375 0.0421875
66 0.1 0.33046875 0.0390625 0.053125
70 0.10078125 0.19765625 0.0578125 0.0671875
134 0.25078125 0.33046875 0.075 0.059375
12 0.253125 0.234375 0.08125 0.0625
43 0.29375 0.09375 0.059375 0.075
46 0.38203125 0.09453125 0.06875 0.078125
66 0.41640625 0.92109375 0.0359375 0.046875
70 0.4109375 0.83984375 0.04375 0.046875
124 0.4078125 0.7546875 0.06875 0.05625
103 0.3984375 0.675 0.078125 0.040625
78 0.396875 0.59453125 0.075 0.05625
15 0.4140625 0.515625 0.0546875 0.025
15 0.41796875 0.47421875 0.0609375 0.0515625
81 0.41015625 0.4109375 0.0796875 0.05625
156 0.403125 0.3171875 0.059375 0.04375
82 0.39921875 0.23515625 0.075 0.0375
153 0.40078125 0.18671875 0.0796875 0.040625
116 0.54375 0.490625 0.075 0.040625
54 0.5421875 0.40625 0.075 0.046875
147 0.55859375 0.3421875 0.04375 0.046875
106 0.5609375 0.27421875 0.034375 0.0453125
115 0.5609375 0.20078125 0.046875 0.05
6 0.55859375 0.59609375 0.05 0.053125
99 0.54921875 0.67265625 0.0859375 0.0375
120 0.5625 0.75390625 0.0796875 0.04375
67 0.565625 0.83515625 0.065625 0.0375
8 0.56796875 0.91875 0.053125 0.05
14 0.7234375 0.91484375 0.04375 0.0484375
76 0.70078125 0.825 0.08125 0.0375
118 0.72265625 0.72890625 0.0453125 0.046875
104 0.70234375 0.64140625 0.075 0.034375
17 0.725 0.55546875 0.0421875 0.0390625
17 0.72890625 0.4765625 0.0375 0.04375
122 0.709375 0.39765625 0.0703125 0.0421875
22 0.71484375 0.3140625 0.040625 0.059375
158 0.71015625 0.22734375 0.046875 0.05
34 0.87421875 0.92265625 0.040625 0.0484375
34 0.8734375 0.86015625 0.0296875 0.0390625
101 0.85625 0.7734375 0.08125 0.034375
113 0.865625 0.71484375 0.0609375 0.03125
112 0.86328125 0.63984375 0.06875 0.0515625
137 0.8625 0.5328125 0.0484375 0.065625
138 0.85859375 0.4234375 0.05 0.06875
141 0.8609375 0.31796875 0.05 0.05625
64 0.8609375 0.25390625 0.059375 0.0390625
110 0.86015625 0.19765625 0.0546875 0.03125
155 0.8296875 0.0921875 0.028125 0.05
172 0.734375 0.09140625 0.0375 0.0390625
163 0.63828125 0.09140625 0.040625 0.053125
48 0.5421875 0.09375 0.053125 0.05