63 0.92578125 0.08359375 0.046875 0.065625
27 0.93828125 0.2359375 0.05625 0.084375
123 0.94375 0.3921875 0.059375 0.06875
102 0.946875 0.54765625 0.075 0.0765625
77 0.9484375 0.71171875 0.078125 0.071875
15 0.95 0.83828125 0.065625 0.05
15 0.94453125 0.92890625 0.06875 0.084375
106 0.77890625 0.93046875 0.04375 0.075
99 0.7890625 0.79375 0.103125 0.090625
120 0.7828125 0.696875 0.09375 0.075
8 0.76875 0.60078125 0.0515625 0.0625
78 0.80078125 0.490625 0.08125 0.09375
103 0.79765625 0.3453125 0.09375 0.0875
124 0.7875 0.2171875 0.053125 0.08125
66 0.77734375 0.08125 0.0421875 0.090625
14 0.625 0.08125 0.040625 0.0609375
14 0.62578125 0.21328125 0.0515625 0.0953125
76 0.6453125 0.34375 0.0875 0.0921875
118 0.621875 0.609375 0.0453125 0.0765625
118 0.62734375 0.759375 0.0515625 0.08125
104 0.646875 0.890625 0.08125 0.0546875
156 0.50390625 0.875 0.065625 0.075
134 0.5046875 0.69609375 0.08125 0.090625
12 0.503125 0.61015625 0.071875 0.0875
122 0.5 0.35 0.0703125 0.084375
17 0.49140625 0.21171875 0.034375 0.10625
100 0.50078125 0.48515625 0.084375 0.08125
17 0.48671875 0.08515625 0.0375 0.0765625
34 0.321875 0.0859375 0.0484375 0.0640625
34 0.32421875 0.2140625 0.0390625 0.109375
101 0.346875 0.3484375 0.1 0.1140625
22 0.3390625 0.596875 0.046875 0.08125
22 0.34609375 0.71484375 0.053125 0.096875
158 0.3515625 0.8859375 0.075 0.11875
1 0.184375 0.86484375 0.046875 0.0796875
4 0.1859375 0.71796875 0.0625 0.09375
112 0.20234375 0.40078125 0.05 0.134375
113 0.18203125 0.17890625 0.090625 0.10625
113 0.17265625 0.05625 0.075 0.0875
82 0.0421875 0.0875 0.06875 0.0609375
115 0.0421875 0.2671875 0.05 0.1015625
64 0.0765625 0.53671875 0.059375 0.0953125
141 0.0734375 0.77578125 0.0625 0.0765625
110 0.08046875 0.8796875 0.059375 0.0546875