38 0.1125 0.04609375 0.225 0.0921875
28 0.37890625 0.04453125 0.2015625 0.0890625
98 0.63203125 0.0453125 0.1421875 0.078125
164 0.89765625 0.04453125 0.1796875 0.0890625
47 0.07734375 0.259375 0.1125 0.0703125
21 0.35546875 0.246875 0.2 0.0828125
21 0.61796875 0.2390625 0.1453125 0.103125
21 0.884375 0.23671875 0.159375 0.1109375
21 0.1078125 0.44765625 0.215625 0.109375
65 0.35546875 0.44296875 0.1828125 0.125
73 0.61953125 0.45625 0.1984375 0.0921875
136 0.8953125 0.47578125 0.209375 0.0515625
151 0.09296875 0.67734375 0.1859375 0.115625
151 0.3515625 0.7078125 0.2546875 0.0515625
159 0.6125 0.63515625 0.1921875 0.1828125
168 0.8875 0.671875 0.1984375 0.1078125
170 0.35078125 0.88671875 0.2109375 0.15625
170 0.1015625 0.8953125 0.196875 0.1484375