63 0.7203125 0.8640625 0.04375 0.0375
69 0.734375 0.79453125 0.0546875 0.034375
123 0.7390625 0.725 0.0578125 0.0375
102 0.74921875 0.6546875 0.0890625 0.04375
77 0.7484375 0.58359375 0.075 0.0375
146 0.74296875 0.50234375 0.071875 0.0375
13 0.7421875 0.43125 0.075 0.046875
134 0.74921875 0.3421875 0.0765625 0.0546875
12 0.7390625 0.26015625 0.071875 0.046875
43 0.70390625 0.1375 0.0546875 0.065625
46 0.6078125 0.14375 0.071875 0.06875
66 0.575 0.87109375 0.034375 0.040625
70 0.58515625 0.8015625 0.05 0.05625
124 0.5890625 0.72265625 0.06875 0.053125
103 0.59375 0.6578125 0.0875 0.05
78 0.59609375 0.57890625 0.071875 0.04375
15 0.5765625 0.51171875 0.0640625 0.021875
15 0.57421875 0.46875 0.075 0.05625
81 0.5734375 0.4140625 0.075 0.053125
157 0.5953125 0.33359375 0.0765625 0.05625
82 0.58984375 0.26484375 0.084375 0.059375
153 0.59765625 0.2203125 0.0875 0.0328125
115 0.434375 0.23046875 0.071875 0.0390625
106 0.425 0.2921875 0.065625 0.0578125
54 0.44296875 0.4109375 0.0765625 0.04375
116 0.44375 0.48671875 0.096875 0.05625
6 0.4296875 0.58046875 0.06875 0.059375
99 0.4359375 0.64921875 0.09375 0.0515625
120 0.4296875 0.721875 0.078125 0.0484375
67 0.42578125 0.78515625 0.0578125 0.05
8 0.42265625 0.8640625 0.06875 0.03125
14 0.25859375 0.86171875 0.034375 0.0359375
76 0.28359375 0.78359375 0.09375 0.034375
118 0.26328125 0.68984375 0.0390625 0.05
104 0.28125 0.62109375 0.075 0.0375
17 0.25859375 0.5453125 0.0421875 0.0390625
17 0.25390625 0.47265625 0.0421875 0.046875
122 0.26953125 0.40546875 0.065625 0.040625
22 0.26796875 0.33125 0.0421875 0.05
158 0.2671875 0.24921875 0.0515625 0.05
110 0.1265625 0.228125 0.0625 0.0453125
64 0.11796875 0.278125 0.059375 0.03125
141 0.11640625 0.33359375 0.05625 0.04375
138 0.13046875 0.4296875 0.05625 0.059375
137 0.1125 0.5234375 0.0546875 0.053125
112 0.1109375 0.6203125 0.0671875 0.05
113 0.1109375 0.684375 0.065625 0.040625
101 0.12578125 0.740625 0.0875 0.0390625
34 0.10546875 0.8109375 0.03125 0.0359375
34 0.103125 0.86640625 0.0375 0.046875