63 0.1359375 0.2796875 0.0375 0.04375
69 0.20546875 0.265625 0.034375 0.0546875
123 0.275 0.2609375 0.0375 0.0578125
102 0.3453125 0.25078125 0.04375 0.0890625
77 0.41640625 0.2515625 0.0375 0.075
146 0.49765625 0.25703125 0.0375 0.071875
13 0.56875 0.2578125 0.046875 0.075
134 0.6578125 0.25078125 0.0546875 0.0765625
12 0.73984375 0.2609375 0.046875 0.071875
43 0.8625 0.29609375 0.065625 0.0546875
46 0.85625 0.3921875 0.06875 0.071875
66 0.12890625 0.425 0.040625 0.034375
70 0.1984375 0.41484375 0.05625 0.05
124 0.27734375 0.4109375 0.053125 0.06875
103 0.3421875 0.40625 0.05 0.0875
78 0.42109375 0.40390625 0.04375 0.071875
15 0.48828125 0.4234375 0.021875 0.0640625
15 0.53125 0.42578125 0.05625 0.075
81 0.5859375 0.4265625 0.053125 0.075
157 0.66640625 0.4046875 0.05625 0.0765625
82 0.73515625 0.41015625 0.059375 0.084375
153 0.7796875 0.40234375 0.0328125 0.0875
115 0.76953125 0.565625 0.0390625 0.071875
106 0.7078125 0.575 0.0578125 0.065625
54 0.5890625 0.55703125 0.04375 0.0765625
116 0.51328125 0.55625 0.05625 0.096875
6 0.41953125 0.5703125 0.059375 0.06875
99 0.35078125 0.5640625 0.0515625 0.09375
120 0.278125 0.5703125 0.0484375 0.078125
67 0.21484375 0.57421875 0.05 0.0578125
8 0.1359375 0.57734375 0.03125 0.06875
14 0.13828125 0.74140625 0.0359375 0.034375
76 0.21640625 0.71640625 0.034375 0.09375
118 0.31015625 0.73671875 0.05 0.0390625
104 0.37890625 0.71875 0.0375 0.075
17 0.4546875 0.74140625 0.0390625 0.0421875
17 0.52734375 0.74609375 0.046875 0.0421875
122 0.59453125 0.73046875 0.040625 0.065625
22 0.66875 0.73203125 0.05 0.0421875
158 0.75078125 0.7328125 0.05 0.0515625
110 0.771875 0.8734375 0.0453125 0.0625
64 0.721875 0.88203125 0.03125 0.059375
141 0.66640625 0.88359375 0.04375 0.05625
138 0.5703125 0.86953125 0.059375 0.05625
137 0.4765625 0.8875 0.053125 0.0546875
112 0.3796875 0.8890625 0.05 0.0671875
113 0.315625 0.8890625 0.040625 0.065625
101 0.259375 0.87421875 0.0375 0.0875
34 0.1890625 0.89453125 0.034375 0.03125
34 0.13359375 0.896875 0.046875 0.0375