63 0.90703125 0.2546875 0.0359375 0.034375
69 0.83125 0.24453125 0.0546875 0.0515625
123 0.74921875 0.2421875 0.0484375 0.059375
102 0.6703125 0.23984375 0.046875 0.075
77 0.58671875 0.2375 0.0421875 0.0703125
146 0.5 0.2359375 0.04375 0.0734375
13 0.41484375 0.23828125 0.040625 0.065625
134 0.31328125 0.2390625 0.05625 0.071875
12 0.21875 0.2375 0.0640625 0.071875
43 0.0859375 0.27890625 0.078125 0.0625
46 0.08359375 0.37265625 0.0515625 0.0671875
153 0.17578125 0.3890625 0.04375 0.0890625
82 0.23046875 0.38828125 0.053125 0.0796875
157 0.30078125 0.3875 0.071875 0.065625
81 0.39921875 0.396875 0.053125 0.08125
15 0.46484375 0.40390625 0.05625 0.0625
15 0.50625 0.4046875 0.03125 0.06875
116 0.4828125 0.528125 0.0625 0.0796875
54 0.3984375 0.52890625 0.0671875 0.08125
147 0.3296875 0.540625 0.0640625 0.06875
106 0.26328125 0.546875 0.0453125 0.05625
115 0.1890625 0.5484375 0.05625 0.0484375
66 0.90546875 0.4 0.0484375 0.04375
70 0.8296875 0.3953125 0.065625 0.053125
124 0.74453125 0.38515625 0.065625 0.084375
103 0.65859375 0.38515625 0.0578125 0.08125
78 0.58046875 0.3859375 0.0546875 0.0859375
6 0.58046875 0.546875 0.0671875 0.071875
99 0.6625 0.54140625 0.0546875 0.090625
120 0.73984375 0.546875 0.05 0.08125
67 0.8203125 0.55078125 0.053125 0.06875
8 0.90703125 0.55546875 0.05 0.053125
14 0.9015625 0.70859375 0.059375 0.05
76 0.81796875 0.68984375 0.0453125 0.0828125
118 0.71171875 0.70546875 0.046875 0.05
104 0.628125 0.69453125 0.04375 0.0765625
17 0.54453125 0.7125 0.04375 0.0375
17 0.46484375 0.709375 0.05 0.05
122 0.38671875 0.696875 0.03125 0.06875
22 0.29921875 0.70234375 0.0453125 0.053125
158 0.215625 0.6984375 0.0515625 0.0421875
110 0.1890625 0.84140625 0.0375 0.065625
64 0.2453125 0.8484375 0.0421875 0.065625
141 0.30234375 0.853125 0.0546875 0.053125
138 0.4125 0.84296875 0.065625 0.0578125
137 0.5171875 0.84609375 0.053125 0.0625
112 0.6265625 0.8546875 0.04375 0.065625
113 0.70546875 0.8515625 0.028125 0.0625
101 0.76015625 0.84609375 0.028125 0.078125
34 0.84296875 0.86484375 0.0546875 0.0453125
34 0.91171875 0.859375 0.05625 0.034375