63 0.78984375 0.9234375 0.0796875 0.1
14 0.78671875 0.78359375 0.1 0.1125
17 0.79296875 0.646875 0.09375 0.11875
118 0.78984375 0.49296875 0.0859375 0.125
106 0.79765625 0.08046875 0.09375 0.115625
66 0.64296875 0.0890625 0.1125 0.121875
118 0.6453125 0.5140625 0.08125 0.1390625
0 0.65 0.79375 0.115625 0.153125
1 0.65234375 0.9234375 0.1 0.09375
4 0.4953125 0.93046875 0.1171875 0.1
3 0.48828125 0.77109375 0.1171875 0.1265625
106 0.48671875 0.078125 0.065625 0.11875
22 0.31953125 0.9265625 0.08125 0.0875
8 0.33046875 0.78828125 0.0921875 0.059375
113 0.33125 0.65625 0.1203125 0.1078125
69 0.11328125 0.93203125 0.0875 0.115625