124 0.14296875 0.6203125 0.103125 0.0703125
63 0.23203125 0.69140625 0.06875 0.0328125
63 0.16171875 0.71640625 0.0390625 0.04375
63 0.16015625 0.5328125 0.04375 0.0484375
63 0.42734375 0.83359375 0.1015625 0.0359375
63 0.54921875 0.484375 0.075 0.0328125
63 0.90859375 0.43359375 0.078125 0.04375
63 0.9234375 0.31328125 0.0859375 0.0375
63 0.8125 0.17109375 0.09375 0.0328125
63 0.7515625 0.1046875 0.1046875 0.0640625
21 0.7609375 0.509375 0.2109375 0.134375
110 0.2171875 0.8375 0.0609375 0.059375
110 0.6015625 0.83828125 0.0921875 0.05