118 0.953125 0.24453125 0.025 0.0609375
21 0.94765625 0.3046875 0.0328125 0.05625
110 0.90546875 0.29296875 0.0203125 0.0609375
123 0.86953125 0.290625 0.0265625 0.046875
123 0.7484375 0.4640625 0.028125 0.0421875
123 0.27734375 0.44609375 0.028125 0.0515625
123 0.165625 0.2390625 0.028125 0.05
123 0.0421875 0.390625 0.034375 0.0546875
21 0.140625 0.41484375 0.0359375 0.05
21 0.3828125 0.1390625 0.040625 0.0484375
17 0.3453125 0.20625 0.028125 0.046875
17 0.28671875 0.20625 0.0203125 0.0515625
65 0.92734375 0.61796875 0.103125 0.1765625
123 0.57734375 0.80546875 0.03125 0.0578125
69 0.46953125 0.8453125 0.028125 0.0453125
69 0.46171875 0.6375 0.0234375 0.05
69 0.3078125 0.85234375 0.0296875 0.05