113 0.871875 0.59140625 0.1375 0.0734375
25 0.78515625 0.57734375 0.053125 0.0375
24 0.02265625 0.73046875 0.0453125 0.065625
24 0.115625 0.2375 0.08125 0.0734375
63 0.2125 0.32109375 0.046875 0.04375
63 0.21640625 0.1421875 0.04375 0.046875
63 0.31953125 0.40625 0.0546875 0.0265625
63 0.3203125 0.52421875 0.0515625 0.0296875
63 0.12734375 0.63515625 0.03125 0.05
63 0.11640625 0.81875 0.0375 0.04375
124 0.1328125 0.73515625 0.090625 0.06875
124 0.7015625 0.26484375 0.115625 0.071875
63 0.69375 0.3484375 0.025 0.046875
63 0.696875 0.1671875 0.03125 0.034375
63 0.6421875 0.4828125 0.059375 0.028125
63 0.63125 0.60078125 0.0546875 0.028125