63 0.440625 0.26640625 0.028125 0.0328125
69 0.4390625 0.31796875 0.0375 0.040625
66 0.4375 0.378125 0.028125 0.034375
123 0.440625 0.4328125 0.021875 0.040625
12 0.43828125 0.48359375 0.028125 0.034375
106 0.41171875 0.54609375 0.0265625 0.034375
106 0.475 0.54921875 0.025 0.028125
17 0.440625 0.60390625 0.03125 0.0375
14 0.440625 0.659375 0.025 0.025
14 0.43984375 0.71328125 0.021875 0.028125
27 0.43984375 0.7734375 0.028125 0.0421875
48 0.43984375 0.8421875 0.03125 0.0453125
15 0.440625 0.928125 0.0171875 0.065625
141 0.72265625 0.92734375 0.046875 0.05625
110 0.72890625 0.86640625 0.021875 0.034375
64 0.72890625 0.8078125 0.025 0.05625
4 0.728125 0.75390625 0.021875 0.0375
1 0.6953125 0.69609375 0.021875 0.04375
1 0.75546875 0.69921875 0.025 0.034375
54 0.7296875 0.634375 0.028125 0.053125
102 0.7265625 0.57265625 0.021875 0.053125
77 0.728125 0.5125 0.03125 0.0625
157 0.728125 0.4453125 0.025 0.05
126 0.72734375 0.37734375 0.028125 0.05
7 0.70234375 0.31875 0.021875 0.040625
7 0.753125 0.31796875 0.021875 0.034375
22 0.6953125 0.26171875 0.028125 0.0328125
22 0.75703125 0.2625 0.028125 0.034375