113 0.40859375 0.128125 0.0734375 0.1375
25 0.42265625 0.21484375 0.0375 0.053125
24 0.26953125 0.97734375 0.065625 0.0453125
24 0.7625 0.884375 0.0734375 0.08125
63 0.67890625 0.7875 0.04375 0.046875
63 0.8578125 0.78359375 0.046875 0.04375
63 0.59375 0.68046875 0.0265625 0.0546875
63 0.47578125 0.6796875 0.0296875 0.0515625
63 0.36484375 0.87265625 0.05 0.03125
63 0.18125 0.88359375 0.04375 0.0375
124 0.26484375 0.8671875 0.06875 0.090625
124 0.73515625 0.2984375 0.071875 0.115625
63 0.6515625 0.30625 0.046875 0.025
63 0.8328125 0.303125 0.034375 0.03125
63 0.5171875 0.3578125 0.028125 0.059375
63 0.39921875 0.36875 0.028125 0.0546875