4 0.48046875 0.728125 0.0234375 0.0390625
63 0.3671875 0.62578125 0.021875 0.025
22 0.35625 0.79296875 0.0234375 0.025
22 0.40859375 0.36796875 0.015625 0.04375
22 0.48046875 0.29140625 0.0296875 0.0328125
21 0.3203125 0.20859375 0.046875 0.0609375
118 0.25546875 0.415625 0.0203125 0.0484375
118 0.25546875 0.47109375 0.0171875 0.040625
21 0.228125 0.46484375 0.025 0.040625
21 0.23125 0.4109375 0.0234375 0.04375
4 0.20546875 0.209375 0.0265625 0.0375
106 0.1859375 0.34921875 0.0234375 0.028125
22 0.14375 0.4859375 0.01875 0.0359375
1 0.08828125 0.52734375 0.021875 0.04375
4 0.0828125 0.62734375 0.01875 0.034375
106 0.06796875 0.58203125 0.009375 0.0296875
106 0.059375 0.6296875 0.009375 0.028125
106 0.0703125 0.67578125 0.009375 0.0203125
22 0.078125 0.690625 0.0125 0.021875
8 0.16796875 0.73125 0.0203125 0.040625
106 0.1453125 0.8625 0.0265625 0.0578125
22 0.28359375 0.80625 0.0140625 0.04375