123 0.55078125 0.1359375 0.05 0.028125
63 0.38984375 0.20078125 0.04375 0.021875
63 0.4140625 0.21640625 0.028125 0.021875
22 0.4125 0.240625 0.034375 0.0234375
15 0.325 0.2546875 0.0515625 0.01875
15 0.57421875 0.42109375 0.05 0.0203125
15 0.78046875 0.5046875 0.0375 0.0234375
63 0.86484375 0.50546875 0.0375 0.03125
63 0.86640625 0.565625 0.0328125 0.03125
4 0.73125 0.640625 0.04375 0.03125
4 0.3796875 0.63984375 0.04375 0.01875
63 0.228125 0.6421875 0.034375 0.0125
63 0.32421875 0.66796875 0.0296875 0.0265625
63 0.32578125 0.7203125 0.021875 0.0234375
63 0.22109375 0.81484375 0.040625 0.01875