4 0.728125 0.48046875 0.040625 0.021875
63 0.62578125 0.3671875 0.025 0.021875
22 0.79296875 0.35625 0.025 0.021875
22 0.36796875 0.40859375 0.04375 0.015625
22 0.29140625 0.48046875 0.03125 0.028125
21 0.20859375 0.3203125 0.0609375 0.046875
118 0.415625 0.25546875 0.046875 0.01875
118 0.47109375 0.25546875 0.040625 0.0171875
21 0.46484375 0.228125 0.040625 0.025
21 0.4109375 0.23125 0.04375 0.021875
4 0.209375 0.20546875 0.0375 0.0265625
106 0.34921875 0.1859375 0.028125 0.021875
22 0.4859375 0.14375 0.0359375 0.01875
1 0.52734375 0.08828125 0.04375 0.021875
4 0.62734375 0.0828125 0.034375 0.01875
106 0.58203125 0.06796875 0.028125 0.009375
106 0.6296875 0.059375 0.028125 0.009375
106 0.67578125 0.0703125 0.01875 0.009375
22 0.690625 0.078125 0.021875 0.0125
8 0.73125 0.16796875 0.040625 0.0203125
106 0.8625 0.1453125 0.05625 0.0265625
22 0.80625 0.28359375 0.04375 0.0140625