21 0.13046875 0.16953125 0.0375 0.040625
21 0.09765625 0.16875 0.025 0.0421875
21 0.0640625 0.16875 0.034375 0.0359375
170 0.0984375 0.2484375 0.05 0.0734375
73 0.10078125 0.33359375 0.0765625 0.059375
170 0.12421875 0.415625 0.04375 0.075
170 0.0765625 0.4109375 0.046875 0.06875
159 0.10078125 0.4953125 0.0625 0.075
151 0.34296875 0.36484375 0.0484375 0.04375
151 0.3484375 0.2984375 0.128125 0.0375
125 0.34609375 0.16640625 0.1 0.05
65 0.5828125 0.32421875 0.04375 0.0796875
160 0.07265625 0.73203125 0.046875 0.09375
160 0.11796875 0.73515625 0.0453125 0.09375