63 0.87890625 0.2609375 0.0421875 0.04375
69 0.8078125 0.25546875 0.053125 0.046875
123 0.73515625 0.25078125 0.0390625 0.065625
102 0.66640625 0.24609375 0.0375 0.071875
77 0.59140625 0.24453125 0.04375 0.06875
146 0.51171875 0.24609375 0.034375 0.078125
13 0.43671875 0.24921875 0.04375 0.0578125
66 0.35078125 0.0953125 0.0515625 0.0375
70 0.234375 0.09296875 0.05 0.053125
12 0.26484375 0.24921875 0.0625 0.078125
134 0.3453125 0.25 0.04375 0.071875
43 0.1421875 0.2890625 0.046875 0.053125
46 0.140625 0.38046875 0.04375 0.059375
153 0.2265625 0.39609375 0.03125 0.084375
82 0.26875 0.3953125 0.040625 0.075
156 0.34140625 0.3984375 0.05 0.065625
81 0.425 0.40703125 0.046875 0.071875
15 0.48359375 0.409375 0.0421875 0.059375
15 0.51796875 0.40546875 0.025 0.065625
116 0.496875 0.5328125 0.046875 0.08125
54 0.42265625 0.53359375 0.053125 0.06875
147 0.3625 0.5546875 0.040625 0.05
106 0.303125 0.5546875 0.040625 0.0375
115 0.23515625 0.5546875 0.0453125 0.04375
66 0.87890625 0.41015625 0.0375 0.040625
70 0.80859375 0.4046875 0.040625 0.059375
124 0.734375 0.4 0.0375 0.059375
103 0.6609375 0.38984375 0.0375 0.0703125
78 0.58359375 0.3921875 0.040625 0.0875
8 0.8828125 0.56171875 0.04375 0.046875
67 0.80390625 0.55234375 0.040625 0.065625
120 0.73203125 0.5484375 0.0375 0.065625
99 0.65859375 0.54453125 0.0375 0.09375
6 0.58828125 0.55390625 0.05625 0.053125
14 0.8734375 0.71484375 0.0375 0.0375
76 0.79609375 0.696875 0.0453125 0.08125
118 0.7078125 0.7140625 0.0375 0.040625
104 0.62890625 0.69765625 0.0328125 0.078125
17 0.55625 0.7203125 0.0375 0.0453125
17 0.4828125 0.721875 0.040625 0.0375
122 0.41328125 0.70390625 0.0390625 0.065625
22 0.33515625 0.709375 0.0484375 0.046875
158 0.2609375 0.7046875 0.0390625 0.05625
110 0.2328125 0.85078125 0.034375 0.05625
64 0.2859375 0.85078125 0.03125 0.059375
141 0.3375 0.85703125 0.0453125 0.05625
138 0.43671875 0.85 0.0484375 0.04375
137 0.53359375 0.85234375 0.053125 0.053125
112 0.62578125 0.86015625 0.0421875 0.065625
113 0.696875 0.8578125 0.0375 0.065625
101 0.7484375 0.8453125 0.034375 0.08125
34 0.8234375 0.865625 0.0359375 0.03125
34 0.878125 0.86875 0.0421875 0.034375