21 0.83046875 0.13046875 0.040625 0.0375
21 0.83125 0.09765625 0.0421875 0.025
21 0.83125 0.0640625 0.0359375 0.034375
170 0.7515625 0.0984375 0.0734375 0.05
73 0.66640625 0.10078125 0.059375 0.0765625
170 0.584375 0.12421875 0.075 0.04375
170 0.5890625 0.0765625 0.0703125 0.046875
159 0.5046875 0.10078125 0.075 0.0625
151 0.63515625 0.34296875 0.0453125 0.0484375
151 0.7015625 0.3484375 0.0390625 0.128125
125 0.83359375 0.34609375 0.05 0.1
65 0.67578125 0.5828125 0.0796875 0.04375
160 0.26796875 0.07265625 0.09375 0.046875
160 0.26484375 0.11796875 0.09375 0.0453125