21 0.86953125 0.83046875 0.0375 0.040625
21 0.90234375 0.83125 0.025 0.0421875
21 0.9359375 0.83125 0.034375 0.0359375
170 0.9015625 0.7515625 0.05 0.0734375
73 0.89921875 0.66640625 0.0765625 0.059375
170 0.87578125 0.584375 0.04375 0.075
170 0.9234375 0.5890625 0.046875 0.0703125
159 0.89921875 0.5046875 0.0625 0.075
151 0.65703125 0.63515625 0.0484375 0.0453125
151 0.6515625 0.7015625 0.128125 0.0390625
125 0.65390625 0.83359375 0.1 0.05
65 0.4171875 0.67578125 0.04375 0.0796875
160 0.92734375 0.26796875 0.046875 0.09375
160 0.88203125 0.26484375 0.0453125 0.09375