63 0.96796875 0.9515625 0.04375 0.05625
1 0.96953125 0.8921875 0.040625 0.05625
4 0.97109375 0.821875 0.0421875 0.0640625
69 0.96953125 0.74609375 0.04375 0.0546875
69 0.971875 0.68359375 0.0421875 0.059375
140 0.9671875 0.5390625 0.0375 0.0625
8 0.9703125 0.25546875 0.03125 0.0578125
67 0.96640625 0.1296875 0.040625 0.0671875
113 0.96875 0.04921875 0.03125 0.075
106 0.81640625 0.05234375 0.0296875 0.06875
106 0.81953125 0.1046875 0.034375 0.05625
106 0.81875 0.17109375 0.0375 0.0625
106 0.81640625 0.23046875 0.0375 0.046875
25 0.81875 0.28359375 0.0390625 0.040625
63 0.8171875 0.34375 0.0359375 0.0453125
66 0.81875 0.40078125 0.0390625 0.04375
63 0.81796875 0.525 0.0453125 0.0390625
22 0.815625 0.8875 0.04375 0.0453125
106 0.659375 0.7765625 0.04375 0.0625
106 0.66015625 0.65703125 0.040625 0.0484375
14 0.66015625 0.59375 0.04375 0.04375
14 0.66328125 0.53671875 0.040625 0.0546875
126 0.66171875 0.42734375 0.0375 0.065625
0 0.4921875 0.5484375 0.040625 0.05625
2 0.490625 0.47890625 0.0390625 0.059375
1 0.48984375 0.41171875 0.0375 0.053125
2 0.48984375 0.3453125 0.040625 0.053125
106 0.490625 0.15078125 0.0421875 0.059375