69 0.065625 0.81875 0.0625 0.0984375
146 0.2140625 0.81015625 0.078125 0.075
22 0.3953125 0.809375 0.09375 0.0953125
140 0.55546875 0.8140625 0.0703125 0.125
116 0.71484375 0.7953125 0.0984375 0.1421875
15 0.86875 0.80703125 0.0671875 0.15
64 0.875 0.675 0.0671875 0.1109375
8 0.553125 0.67578125 0.0875 0.084375
17 0.396875 0.67421875 0.096875 0.0875
63 0.06484375 0.675 0.0859375 0.0859375
25 0.06796875 0.5453125 0.0875 0.1
134 0.21171875 0.5359375 0.090625 0.1171875
48 0.39375 0.5453125 0.1015625 0.090625
14 0.55625 0.5484375 0.0953125 0.0984375
54 0.71875 0.5828125 0.0984375 0.146875
106 0.8734375 0.5375 0.0921875 0.1046875
67 0.871875 0.36015625 0.075 0.1234375
126 0.71640625 0.39921875 0.08125 0.13125
53 0.39140625 0.42109375 0.090625 0.084375
27 0.2140625 0.421875 0.090625 0.0734375
70 0.06328125 0.4265625 0.0796875 0.0828125
66 0.0640625 0.32734375 0.090625 0.0828125
22 0.21484375 0.32578125 0.090625 0.08125
118 0.390625 0.328125 0.09375 0.0796875
14 0.55546875 0.325 0.0984375 0.0703125
157 0.8703125 0.20078125 0.0875 0.1265625
102 0.5578125 0.1984375 0.0921875 0.1171875
77 0.215625 0.19609375 0.0953125 0.128125
77 0.06953125 0.19921875 0.0921875 0.096875