69 0.18125 0.934375 0.096875 0.0625
146 0.18984375 0.7859375 0.075 0.078125
22 0.190625 0.6046875 0.09375 0.09375
140 0.1859375 0.44453125 0.125 0.071875
116 0.2046875 0.28515625 0.1421875 0.0984375
15 0.19296875 0.13125 0.15 0.065625
64 0.325 0.125 0.1109375 0.065625
8 0.32421875 0.446875 0.084375 0.0875
17 0.32578125 0.603125 0.0875 0.096875
63 0.325 0.93515625 0.084375 0.0859375
25 0.4546875 0.93203125 0.1 0.0875
134 0.4640625 0.78828125 0.115625 0.090625
48 0.4546875 0.60625 0.090625 0.1
14 0.4515625 0.44375 0.1 0.09375
54 0.4171875 0.28125 0.146875 0.0984375
106 0.4625 0.1265625 0.103125 0.090625
67 0.63984375 0.128125 0.1234375 0.075
126 0.60078125 0.28359375 0.13125 0.08125
53 0.57890625 0.60859375 0.084375 0.090625
27 0.578125 0.7859375 0.0734375 0.090625
70 0.5734375 0.93671875 0.08125 0.078125
66 0.67265625 0.9359375 0.084375 0.090625
22 0.67421875 0.78515625 0.08125 0.090625
118 0.671875 0.609375 0.078125 0.09375
14 0.675 0.44453125 0.0703125 0.0984375
157 0.79921875 0.1296875 0.1265625 0.0875
102 0.8015625 0.4421875 0.115625 0.0921875
77 0.80390625 0.784375 0.128125 0.09375
77 0.80078125 0.93046875 0.096875 0.0921875