69 0.1265625 0.93203125 0.06875 0.075
63 0.134375 0.79609375 0.0546875 0.0765625
70 0.12578125 0.653125 0.0828125 0.0875
66 0.1375 0.50546875 0.0578125 0.071875
106 0.12421875 0.3578125 0.075 0.0671875
123 0.13125 0.22265625 0.065625 0.075
12 0.12734375 0.075 0.090625 0.071875
67 0.365625 0.08046875 0.0984375 0.065625
48 0.371875 0.2203125 0.065625 0.075
48 0.375 0.3640625 0.059375 0.0828125
17 0.36796875 0.5 0.071875 0.084375
22 0.36484375 0.64609375 0.0703125 0.078125
22 0.37109375 0.78515625 0.0703125 0.0703125
27 0.3703125 0.93046875 0.065625 0.05625
140 0.61171875 0.934375 0.09375 0.059375
8 0.61015625 0.78984375 0.078125 0.0625
14 0.60390625 0.64765625 0.0546875 0.078125
14 0.60390625 0.51015625 0.053125 0.0625
157 0.5984375 0.3625 0.1015625 0.065625
77 0.60546875 0.2203125 0.1109375 0.071875
102 0.59765625 0.0765625 0.103125 0.075
15 0.84765625 0.0765625 0.13125 0.05