118 0.278125 0.95546875 0.0671875 0.028125
110 0.34375 0.90703125 0.0640625 0.025
123 0.3296875 0.8734375 0.05625 0.021875
123 0.5421875 0.7484375 0.0546875 0.03125
123 0.93125 0.5828125 0.059375 0.021875
123 0.5171875 0.278125 0.0875 0.0421875
123 0.28046875 0.16484375 0.071875 0.0359375
123 0.44453125 0.0453125 0.06875 0.028125
21 0.484375 0.14296875 0.075 0.040625
21 0.353125 0.953125 0.065625 0.0375
65 0.70390625 0.92890625 0.246875 0.09375
69 0.74296875 0.4640625 0.05625 0.028125
21 0.159375 0.38515625 0.06875 0.034375
17 0.23515625 0.35234375 0.06875 0.021875
17 0.23046875 0.28984375 0.0875 0.025
69 0.9703125 0.47421875 0.059375 0.03125