21 0.703125 0.3109375 0.03125 0.0453125
63 0.67109375 0.3546875 0.015625 0.040625
63 0.6546875 0.35078125 0.015625 0.034375
123 0.55625 0.4 0.021875 0.0390625
123 0.47734375 0.50546875 0.025 0.04375
21 0.57109375 0.51953125 0.028125 0.046875
123 0.584375 0.56875 0.028125 0.0421875
14 0.63828125 0.6265625 0.0234375 0.025
14 0.63828125 0.68359375 0.01875 0.03125
14 0.6359375 0.740625 0.01875 0.028125
63 0.9609375 0.753125 0.015625 0.028125
21 0.93984375 0.78203125 0.025 0.0453125
110 0.90546875 0.771875 0.0140625 0.034375
123 0.84921875 0.76171875 0.0171875 0.03125
123 0.75078125 0.85546875 0.015625 0.0265625
123 0.76171875 0.9125 0.0203125 0.034375
14 0.6984375 0.92578125 0.021875 0.03125
123 0.56171875 0.790625 0.01875 0.0390625
21 0.45390625 0.7734375 0.028125 0.046875
112 0.3140625 0.5828125 0.025 0.0359375