118 0.278125 0.04453125 0.0671875 0.028125
110 0.34375 0.09296875 0.0640625 0.0265625
123 0.3296875 0.1265625 0.05625 0.021875
123 0.5421875 0.2515625 0.0546875 0.03125
123 0.93125 0.4171875 0.059375 0.0234375
123 0.5171875 0.721875 0.0875 0.0421875
123 0.28046875 0.83515625 0.0734375 0.0359375
123 0.44453125 0.9546875 0.06875 0.0296875
21 0.484375 0.85703125 0.075 0.0421875
21 0.353125 0.046875 0.065625 0.0375
65 0.70390625 0.07109375 0.2484375 0.09375
69 0.74296875 0.5359375 0.0546875 0.028125
21 0.159375 0.61484375 0.06875 0.0359375
17 0.23515625 0.64765625 0.06875 0.021875
17 0.23046875 0.71015625 0.0875 0.025
69 0.9703125 0.52578125 0.059375 0.0328125