21 0.1640625 0.5234375 0.059375 0.040625
21 0.43046875 0.35234375 0.0515625 0.040625
63 0.2203125 0.48125 0.040625 0.021875
63 0.20703125 0.4609375 0.059375 0.021875
123 0.28125 0.340625 0.0421875 0.0265625
123 0.40625 0.240625 0.05 0.0234375
123 0.48671875 0.378125 0.053125 0.0265625
123 0.73984375 0.709375 0.0484375 0.03125
123 0.92734375 0.596875 0.046875 0.0234375
123 0.8578125 0.58125 0.0515625 0.03125
123 0.7828125 0.34609375 0.04375 0.03125
14 0.56328125 0.44296875 0.0359375 0.03125
14 0.63515625 0.43984375 0.025 0.021875
63 0.7234375 0.84453125 0.05 0.028125
110 0.7453125 0.771875 0.034375 0.01875
21 0.76171875 0.81640625 0.059375 0.0375
21 0.94921875 0.5578125 0.053125 0.034375
21 0.75859375 0.21015625 0.0609375 0.0328125
22 0.74765625 0.178125 0.03125 0.01875
14 0.71015625 0.4390625 0.03125 0.0296875
112 0.5125 0.03828125 0.053125 0.0390625