63 0.9171875 0.73046875 0.0375 0.034375
69 0.8421875 0.73984375 0.0515625 0.0546875
123 0.76015625 0.74453125 0.04375 0.059375
102 0.678125 0.74921875 0.0421875 0.06875
77 0.59609375 0.7515625 0.0453125 0.075
146 0.51015625 0.753125 0.053125 0.078125
13 0.425 0.7453125 0.05625 0.059375
134 0.32578125 0.74375 0.053125 0.071875
12 0.2296875 0.74453125 0.0625 0.075
43 0.09375 0.7046875 0.075 0.059375
46 0.09453125 0.6171875 0.053125 0.0625
153 0.18828125 0.5953125 0.0453125 0.090625
82 0.23671875 0.60078125 0.05 0.0828125
156 0.31328125 0.6 0.0828125 0.084375
81 0.41015625 0.58984375 0.0625 0.075
15 0.47421875 0.58671875 0.05 0.0703125
15 0.51484375 0.5859375 0.0296875 0.071875
116 0.48671875 0.4546875 0.0453125 0.078125
54 0.4125 0.45859375 0.04375 0.071875
147 0.3421875 0.43515625 0.05 0.0484375
106 0.2703125 0.43671875 0.053125 0.034375
115 0.196875 0.4359375 0.0546875 0.0578125
6 0.59140625 0.43984375 0.0578125 0.0625
99 0.66875 0.44296875 0.05625 0.096875
120 0.75390625 0.44453125 0.05625 0.075
67 0.8265625 0.43203125 0.0625 0.06875
8 0.91484375 0.428125 0.0546875 0.059375
66 0.9203125 0.58359375 0.04375 0.0421875
70 0.8390625 0.58671875 0.05 0.053125
124 0.7546875 0.59296875 0.0484375 0.065625
103 0.67265625 0.6015625 0.0421875 0.08125
78 0.5890625 0.5984375 0.040625 0.078125
14 0.91171875 0.27734375 0.040625 0.0484375
76 0.825 0.29609375 0.04375 0.08125
118 0.7265625 0.278125 0.0421875 0.034375
104 0.6421875 0.2984375 0.0375 0.0765625
17 0.55703125 0.27578125 0.046875 0.040625
17 0.475 0.2734375 0.040625 0.0375
122 0.3984375 0.2890625 0.040625 0.06875
22 0.309375 0.28671875 0.040625 0.0375
158 0.225 0.290625 0.0375 0.046875
110 0.19921875 0.13984375 0.040625 0.05
64 0.2515625 0.13515625 0.0375 0.0609375
141 0.3140625 0.1375 0.0515625 0.0578125
138 0.421875 0.14375 0.0703125 0.06875
137 0.53359375 0.14453125 0.06875 0.05625
112 0.634375 0.134375 0.0578125 0.059375
113 0.71015625 0.1375 0.046875 0.0625
101 0.7734375 0.14296875 0.0359375 0.078125
101 0.85390625 0.1265625 0.046875 0.0375