63 0.11640625 0.925 0.028125 0.065625
27 0.11640625 0.75390625 0.0609375 0.0890625
123 0.1125 0.59609375 0.0640625 0.071875
105 0.115625 0.428125 0.065625 0.0796875
75 0.1125 0.2625 0.0625 0.0859375
15 0.11171875 0.12890625 0.0671875 0.05
15 0.10703125 0.06015625 0.0671875 0.0828125
120 0.25 0.0953125 0.071875 0.0890625
8 0.253125 0.25625 0.040625 0.0578125
78 0.246875 0.42890625 0.0515625 0.08125
103 0.253125 0.5953125 0.0578125 0.08125
124 0.24765625 0.7578125 0.0609375 0.075
66 0.2609375 0.921875 0.0375 0.0734375
14 0.3984375 0.925 0.0453125 0.075
14 0.4015625 0.753125 0.03125 0.0765625
76 0.403125 0.59375 0.0671875 0.0953125
118 0.403125 0.421875 0.0375 0.071875
118 0.41328125 0.25859375 0.025 0.071875
104 0.40703125 0.0890625 0.0609375 0.071875
134 0.5671875 0.09609375 0.0671875 0.0796875
12 0.5671875 0.26796875 0.0578125 0.0703125
122 0.56640625 0.4296875 0.0515625 0.0671875
17 0.5640625 0.59296875 0.0328125 0.0796875
17 0.559375 0.75546875 0.0359375 0.065625
156 0.70546875 0.6875 0.0546875 0.0640625
34 0.7140625 0.42421875 0.03125 0.06875
34 0.71171875 0.26171875 0.0296875 0.0640625
101 0.7078125 0.09375 0.0546875 0.0625
4 0.84921875 0.0890625 0.0515625 0.0765625
140 0.83125 0.25703125 0.0421875 0.0515625
113 0.8453125 0.40078125 0.053125 0.0515625
113 0.84375 0.4640625 0.0546875 0.0515625
158 0.8328125 0.596875 0.0671875 0.09375
22 0.84609375 0.76015625 0.0359375 0.090625
22 0.85 0.92265625 0.0375 0.0703125
1 0.95078125 0.9265625 0.0421875 0.06875
82 0.9484375 0.75234375 0.0484375 0.075
115 0.94765625 0.59609375 0.0421875 0.075
64 0.95 0.4234375 0.046875 0.0640625
141 0.94921875 0.25234375 0.034375 0.059375
110 0.94609375 0.09140625 0.0453125 0.0578125
25 0.7140625 0.803125 0.0234375 0.053125
106 0.56015625 0.92265625 0.040625 0.065625