63 0.11640625 0.075 0.028125 0.065625
27 0.11640625 0.24609375 0.0609375 0.0890625
123 0.1125 0.40390625 0.0640625 0.0734375
105 0.115625 0.571875 0.065625 0.0796875
75 0.1125 0.7375 0.0625 0.0875
15 0.11171875 0.87109375 0.065625 0.05
15 0.10703125 0.93984375 0.0671875 0.08125
120 0.25 0.9046875 0.071875 0.0890625
8 0.253125 0.74375 0.040625 0.05625
78 0.246875 0.57109375 0.05 0.0796875
103 0.253125 0.4046875 0.0578125 0.08125
124 0.24765625 0.2421875 0.0609375 0.075
66 0.2609375 0.078125 0.0375 0.071875
14 0.3984375 0.075 0.04375 0.075
14 0.4015625 0.246875 0.03125 0.0765625
76 0.403125 0.40625 0.065625 0.0953125
118 0.403125 0.578125 0.0375 0.071875
118 0.41328125 0.74140625 0.025 0.071875
104 0.40703125 0.9109375 0.059375 0.071875
134 0.5671875 0.90390625 0.065625 0.0796875
12 0.5671875 0.73203125 0.05625 0.06875
122 0.56640625 0.5703125 0.0515625 0.0671875
17 0.5640625 0.40703125 0.03125 0.0796875
17 0.559375 0.24453125 0.0375 0.065625
156 0.70546875 0.3125 0.0546875 0.0625
34 0.7140625 0.57578125 0.03125 0.06875
34 0.71171875 0.73828125 0.0296875 0.0625
101 0.7078125 0.90625 0.05625 0.0625
4 0.84921875 0.9109375 0.05 0.0765625
140 0.83125 0.74296875 0.0421875 0.0515625
113 0.8453125 0.59921875 0.053125 0.0515625
113 0.84375 0.5359375 0.053125 0.0515625
158 0.8328125 0.403125 0.065625 0.09375
22 0.84609375 0.23984375 0.0359375 0.090625
22 0.85 0.07734375 0.0375 0.06875
1 0.95078125 0.0734375 0.040625 0.06875
82 0.9484375 0.24765625 0.046875 0.075
115 0.94765625 0.40390625 0.040625 0.075
64 0.95 0.5765625 0.046875 0.0625
141 0.94921875 0.74765625 0.034375 0.059375
110 0.94609375 0.90859375 0.04375 0.0578125
25 0.7140625 0.196875 0.0234375 0.053125
106 0.56015625 0.07734375 0.040625 0.065625